Data,Hora UTC,PRECIPITAO TOTAL. HORRIO (mm),PRESSAO ATMOSFERICA AO NIVEL DA ESTACAO. HORARIA (mB),PRESSO ATMOSFERICA MAX.NA HORA ANT. (AUT) (mB),PRESSO ATMOSFERICA MIN. NA HORA ANT. (AUT) (mB),RADIACAO GLOBAL (Kj/m),TEMPERATURA DO AR - BULBO SECO. HORARIA (C),TEMPERATURA DO PONTO DE ORVALHO (C),TEMPERATURA MXIMA NA HORA ANT. (AUT) (C),TEMPERATURA MNIMA NA HORA ANT. (AUT) (C),TEMPERATURA ORVALHO MAX. NA HORA ANT. (AUT) (C),TEMPERATURA ORVALHO MIN. NA HORA ANT. (AUT) (C),UMIDADE REL. MAX. NA HORA ANT. (AUT) (%),UMIDADE REL. MIN. NA HORA ANT. (AUT) (%),UMIDADE RELATIVA DO AR. HORARIA (%),VENTO. DIREO HORARIA (gr) ( (gr)),VENTO. RAJADA MAXIMA (m/s),VENTO. VELOCIDADE HORARIA (m/s),
2024/01/01,0000 UTC,,,,,,,,,,,,,,,,,,
2024/01/01,0100 UTC,,,,,,,,,,,,,,,,,,
2024/01/01,0200 UTC,,,,,,,,,,,,,,,,,,
2024/01/01,0300 UTC,,,,,,,,,,,,,,,,,,
2024/01/01,0400 UTC,,,,,,,,,,,,,,,,,,
2024/01/01,0500 UTC,,,,,,,,,,,,,,,,,,
2024/01/01,0600 UTC,,,,,,,,,,,,,,,,,,
2024/01/01,0700 UTC,,,,,,,,,,,,,,,,,,
2024/01/01,0800 UTC,,,,,,,,,,,,,,,,,,
2024/01/01,0900 UTC,,,,,,,,,,,,,,,,,,
2024/01/01,1000 UTC,,,,,,,,,,,,,,,,,,
2024/01/01,1100 UTC,,,,,,,,,,,,,,,,,,
2024/01/01,1200 UTC,,,,,,,,,,,,,,,,,,
2024/01/01,1300 UTC,,,,,,,,,,,,,,,,,,
2024/01/01,1400 UTC,,,,,,,,,,,,,,,,,,
2024/01/01,1500 UTC,,,,,,,,,,,,,,,,,,
2024/01/01,1600 UTC,,,,,,,,,,,,,,,,,,
2024/01/01,1700 UTC,,,,,,,,,,,,,,,,,,
2024/01/01,1800 UTC,,,,,,,,,,,,,,,,,,
2024/01/01,1900 UTC,,,,,,,,,,,,,,,,,,
2024/01/01,2000 UTC,,,,,,,,,,,,,,,,,,
2024/01/01,2100 UTC,,,,,,,,,,,,,,,,,,
2024/01/01,2200 UTC,,,,,,,,,,,,,,,,,,
2024/01/01,2300 UTC,,,,,,,,,,,,,,,,,,
2024/01/02,0000 UTC,,,,,,,,,,,,,,,,,,
2024/01/02,0100 UTC,,,,,,,,,,,,,,,,,,
2024/01/02,0200 UTC,,,,,,,,,,,,,,,,,,
2024/01/02,0300 UTC,,,,,,,,,,,,,,,,,,
2024/01/02,0400 UTC,,,,,,,,,,,,,,,,,,
2024/01/02,0500 UTC,,,,,,,,,,,,,,,,,,
2024/01/02,0600 UTC,,,,,,,,,,,,,,,,,,
2024/01/02,0700 UTC,,,,,,,,,,,,,,,,,,
2024/01/02,0800 UTC,,,,,,,,,,,,,,,,,,
2024/01/02,0900 UTC,,,,,,,,,,,,,,,,,,
2024/01/02,1000 UTC,,,,,,,,,,,,,,,,,,
2024/01/02,1100 UTC,,,,,,,,,,,,,,,,,,
2024/01/02,1200 UTC,,,,,,,,,,,,,,,,,,
2024/01/02,1300 UTC,,,,,,,,,,,,,,,,,,
2024/01/02,1400 UTC,,,,,,,,,,,,,,,,,,
2024/01/02,1500 UTC,,,,,,,,,,,,,,,,,,
2024/01/02,1600 UTC,,,,,,,,,,,,,,,,,,
2024/01/02,1700 UTC,,,,,,,,,,,,,,,,,,
2024/01/02,1800 UTC,,,,,,,,,,,,,,,,,,
2024/01/02,1900 UTC,,,,,,,,,,,,,,,,,,
2024/01/02,2000 UTC,,,,,,,,,,,,,,,,,,
2024/01/02,2100 UTC,,,,,,,,,,,,,,,,,,
2024/01/02,2200 UTC,,,,,,,,,,,,,,,,,,
2024/01/02,2300 UTC,,,,,,,,,,,,,,,,,,
2024/01/03,0000 UTC,,,,,,,,,,,,,,,,,,
2024/01/03,0100 UTC,,,,,,,,,,,,,,,,,,
2024/01/03,0200 UTC,,,,,,,,,,,,,,,,,,
2024/01/03,0300 UTC,,,,,,,,,,,,,,,,,,
2024/01/03,0400 UTC,,,,,,,,,,,,,,,,,,
2024/01/03,0500 UTC,,,,,,,,,,,,,,,,,,
2024/01/03,0600 UTC,,,,,,,,,,,,,,,,,,
2024/01/03,0700 UTC,,,,,,,,,,,,,,,,,,
2024/01/03,0800 UTC,,,,,,,,,,,,,,,,,,
2024/01/03,0900 UTC,,,,,,,,,,,,,,,,,,
2024/01/03,1000 UTC,,,,,,,,,,,,,,,,,,
2024/01/03,1100 UTC,,,,,,,,,,,,,,,,,,
2024/01/03,1200 UTC,,,,,,,,,,,,,,,,,,
2024/01/03,1300 UTC,,,,,,,,,,,,,,,,,,
2024/01/03,1400 UTC,,,,,,,,,,,,,,,,,,
2024/01/03,1500 UTC,,,,,,,,,,,,,,,,,,
2024/01/03,1600 UTC,,,,,,,,,,,,,,,,,,
2024/01/03,1700 UTC,,,,,,,,,,,,,,,,,,
2024/01/03,1800 UTC,,,,,,,,,,,,,,,,,,
2024/01/03,1900 UTC,,,,,,,,,,,,,,,,,,
2024/01/03,2000 UTC,,,,,,,,,,,,,,,,,,
2024/01/03,2100 UTC,,,,,,,,,,,,,,,,,,
2024/01/03,2200 UTC,,,,,,,,,,,,,,,,,,
2024/01/03,2300 UTC,,,,,,,,,,,,,,,,,,
2024/01/04,0000 UTC,,,,,,,,,,,,,,,,,,
2024/01/04,0100 UTC,,,,,,,,,,,,,,,,,,
2024/01/04,0200 UTC,,,,,,,,,,,,,,,,,,
2024/01/04,0300 UTC,,,,,,,,,,,,,,,,,,
2024/01/04,0400 UTC,,,,,,,,,,,,,,,,,,
2024/01/04,0500 UTC,,,,,,,,,,,,,,,,,,
2024/01/04,0600 UTC,,,,,,,,,,,,,,,,,,
2024/01/04,0700 UTC,,,,,,,,,,,,,,,,,,
2024/01/04,0800 UTC,,,,,,,,,,,,,,,,,,
2024/01/04,0900 UTC,,,,,,,,,,,,,,,,,,
2024/01/04,1000 UTC,,,,,,,,,,,,,,,,,,
2024/01/04,1100 UTC,,,,,,,,,,,,,,,,,,
2024/01/04,1200 UTC,,,,,,,,,,,,,,,,,,
2024/01/04,1300 UTC,,,,,,,,,,,,,,,,,,
2024/01/04,1400 UTC,,,,,,,,,,,,,,,,,,
2024/01/04,1500 UTC,,,,,,,,,,,,,,,,,,
2024/01/04,1600 UTC,,,,,,,,,,,,,,,,,,
2024/01/04,1700 UTC,,,,,,,,,,,,,,,,,,
2024/01/04,1800 UTC,,,,,,,,,,,,,,,,,,
2024/01/04,1900 UTC,,,,,,,,,,,,,,,,,,
2024/01/04,2000 UTC,,,,,,,,,,,,,,,,,,
2024/01/04,2100 UTC,,,,,,,,,,,,,,,,,,
2024/01/04,2200 UTC,,,,,,,,,,,,,,,,,,
2024/01/04,2300 UTC,,,,,,,,,,,,,,,,,,
2024/01/05,0000 UTC,,,,,,,,,,,,,,,,,,
2024/01/05,0100 UTC,,,,,,,,,,,,,,,,,,
2024/01/05,0200 UTC,,,,,,,,,,,,,,,,,,
2024/01/05,0300 UTC,,,,,,,,,,,,,,,,,,
2024/01/05,0400 UTC,,,,,,,,,,,,,,,,,,
2024/01/05,0500 UTC,,,,,,,,,,,,,,,,,,
2024/01/05,0600 UTC,,,,,,,,,,,,,,,,,,
2024/01/05,0700 UTC,,,,,,,,,,,,,,,,,,
2024/01/05,0800 UTC,,,,,,,,,,,,,,,,,,
2024/01/05,0900 UTC,,,,,,,,,,,,,,,,,,
2024/01/05,1000 UTC,,,,,,,,,,,,,,,,,,
2024/01/05,1100 UTC,,,,,,,,,,,,,,,,,,
2024/01/05,1200 UTC,,,,,,,,,,,,,,,,,,
2024/01/05,1300 UTC,,,,,,,,,,,,,,,,,,
2024/01/05,1400 UTC,,,,,,,,,,,,,,,,,,
2024/01/05,1500 UTC,,,,,,,,,,,,,,,,,,
2024/01/05,1600 UTC,,,,,,,,,,,,,,,,,,
2024/01/05,1700 UTC,,,,,,,,,,,,,,,,,,
2024/01/05,1800 UTC,,,,,,,,,,,,,,,,,,
2024/01/05,1900 UTC,,,,,,,,,,,,,,,,,,
2024/01/05,2000 UTC,,,,,,,,,,,,,,,,,,
2024/01/05,2100 UTC,,,,,,,,,,,,,,,,,,
2024/01/05,2200 UTC,,,,,,,,,,,,,,,,,,
2024/01/05,2300 UTC,,,,,,,,,,,,,,,,,,
2024/01/06,0000 UTC,,,,,,,,,,,,,,,,,,
2024/01/06,0100 UTC,,,,,,,,,,,,,,,,,,
2024/01/06,0200 UTC,,,,,,,,,,,,,,,,,,
2024/01/06,0300 UTC,,,,,,,,,,,,,,,,,,
2024/01/06,0400 UTC,,,,,,,,,,,,,,,,,,
2024/01/06,0500 UTC,,,,,,,,,,,,,,,,,,
2024/01/06,0600 UTC,,,,,,,,,,,,,,,,,,
2024/01/06,0700 UTC,,,,,,,,,,,,,,,,,,
2024/01/06,0800 UTC,,,,,,,,,,,,,,,,,,
2024/01/06,0900 UTC,,,,,,,,,,,,,,,,,,
2024/01/06,1000 UTC,,,,,,,,,,,,,,,,,,
2024/01/06,1100 UTC,,,,,,,,,,,,,,,,,,
2024/01/06,1200 UTC,,,,,,,,,,,,,,,,,,
2024/01/06,1300 UTC,,,,,,,,,,,,,,,,,,
2024/01/06,1400 UTC,,,,,,,,,,,,,,,,,,
2024/01/06,1500 UTC,,,,,,,,,,,,,,,,,,
2024/01/06,1600 UTC,,,,,,,,,,,,,,,,,,
2024/01/06,1700 UTC,,,,,,,,,,,,,,,,,,
2024/01/06,1800 UTC,,,,,,,,,,,,,,,,,,
2024/01/06,1900 UTC,,,,,,,,,,,,,,,,,,
2024/01/06,2000 UTC,,,,,,,,,,,,,,,,,,
2024/01/06,2100 UTC,,,,,,,,,,,,,,,,,,
2024/01/06,2200 UTC,,,,,,,,,,,,,,,,,,
2024/01/06,2300 UTC,,,,,,,,,,,,,,,,,,
2024/01/07,0000 UTC,,,,,,,,,,,,,,,,,,
2024/01/07,0100 UTC,,,,,,,,,,,,,,,,,,
2024/01/07,0200 UTC,,,,,,,,,,,,,,,,,,
2024/01/07,0300 UTC,,,,,,,,,,,,,,,,,,
2024/01/07,0400 UTC,,,,,,,,,,,,,,,,,,
2024/01/07,0500 UTC,,,,,,,,,,,,,,,,,,
2024/01/07,0600 UTC,,,,,,,,,,,,,,,,,,
2024/01/07,0700 UTC,,,,,,,,,,,,,,,,,,
2024/01/07,0800 UTC,,,,,,,,,,,,,,,,,,
2024/01/07,0900 UTC,,,,,,,,,,,,,,,,,,
2024/01/07,1000 UTC,,,,,,,,,,,,,,,,,,
2024/01/07,1100 UTC,,,,,,,,,,,,,,,,,,
2024/01/07,1200 UTC,,,,,,,,,,,,,,,,,,
2024/01/07,1300 UTC,,,,,,,,,,,,,,,,,,
2024/01/07,1400 UTC,,,,,,,,,,,,,,,,,,
2024/01/07,1500 UTC,,,,,,,,,,,,,,,,,,
2024/01/07,1600 UTC,,,,,,,,,,,,,,,,,,
2024/01/07,1700 UTC,,,,,,,,,,,,,,,,,,
2024/01/07,1800 UTC,,,,,,,,,,,,,,,,,,
2024/01/07,1900 UTC,,,,,,,,,,,,,,,,,,
2024/01/07,2000 UTC,,,,,,,,,,,,,,,,,,
2024/01/07,2100 UTC,,,,,,,,,,,,,,,,,,
2024/01/07,2200 UTC,,,,,,,,,,,,,,,,,,
2024/01/07,2300 UTC,,,,,,,,,,,,,,,,,,
2024/01/08,0000 UTC,,,,,,,,,,,,,,,,,,
2024/01/08,0100 UTC,,,,,,,,,,,,,,,,,,
2024/01/08,0200 UTC,,,,,,,,,,,,,,,,,,
2024/01/08,0300 UTC,,,,,,,,,,,,,,,,,,
2024/01/08,0400 UTC,,,,,,,,,,,,,,,,,,
2024/01/08,0500 UTC,,,,,,,,,,,,,,,,,,
2024/01/08,0600 UTC,,,,,,,,,,,,,,,,,,
2024/01/08,0700 UTC,,,,,,,,,,,,,,,,,,
2024/01/08,0800 UTC,,,,,,,,,,,,,,,,,,
2024/01/08,0900 UTC,,,,,,,,,,,,,,,,,,
2024/01/08,1000 UTC,,,,,,,,,,,,,,,,,,
2024/01/08,1100 UTC,,,,,,,,,,,,,,,,,,
2024/01/08,1200 UTC,,,,,,,,,,,,,,,,,,
2024/01/08,1300 UTC,,,,,,,,,,,,,,,,,,
2024/01/08,1400 UTC,,,,,,,,,,,,,,,,,,
2024/01/08,1500 UTC,,,,,,,,,,,,,,,,,,
2024/01/08,1600 UTC,,,,,,,,,,,,,,,,,,
2024/01/08,1700 UTC,,,,,,,,,,,,,,,,,,
2024/01/08,1800 UTC,,,,,,,,,,,,,,,,,,
2024/01/08,1900 UTC,,,,,,,,,,,,,,,,,,
2024/01/08,2000 UTC,,,,,,,,,,,,,,,,,,
2024/01/08,2100 UTC,,,,,,,,,,,,,,,,,,
2024/01/08,2200 UTC,,,,,,,,,,,,,,,,,,
2024/01/08,2300 UTC,,,,,,,,,,,,,,,,,,
2024/01/09,0000 UTC,,,,,,,,,,,,,,,,,,
2024/01/09,0100 UTC,,,,,,,,,,,,,,,,,,
2024/01/09,0200 UTC,,,,,,,,,,,,,,,,,,
2024/01/09,0300 UTC,,,,,,,,,,,,,,,,,,
2024/01/09,0400 UTC,,,,,,,,,,,,,,,,,,
2024/01/09,0500 UTC,,,,,,,,,,,,,,,,,,
2024/01/09,0600 UTC,,,,,,,,,,,,,,,,,,
2024/01/09,0700 UTC,,,,,,,,,,,,,,,,,,
2024/01/09,0800 UTC,,,,,,,,,,,,,,,,,,
2024/01/09,0900 UTC,,,,,,,,,,,,,,,,,,
2024/01/09,1000 UTC,,,,,,,,,,,,,,,,,,
2024/01/09,1100 UTC,,,,,,,,,,,,,,,,,,
2024/01/09,1200 UTC,,,,,,,,,,,,,,,,,,
2024/01/09,1300 UTC,,,,,,,,,,,,,,,,,,
2024/01/09,1400 UTC,,,,,,,,,,,,,,,,,,
2024/01/09,1500 UTC,,,,,,,,,,,,,,,,,,
2024/01/09,1600 UTC,,,,,,,,,,,,,,,,,,
2024/01/09,1700 UTC,,,,,,,,,,,,,,,,,,
2024/01/09,1800 UTC,,,,,,,,,,,,,,,,,,
2024/01/09,1900 UTC,,,,,,,,,,,,,,,,,,
2024/01/09,2000 UTC,,,,,,,,,,,,,,,,,,
2024/01/09,2100 UTC,,,,,,,,,,,,,,,,,,
2024/01/09,2200 UTC,,,,,,,,,,,,,,,,,,
2024/01/09,2300 UTC,,,,,,,,,,,,,,,,,,
2024/01/10,0000 UTC,,,,,,,,,,,,,,,,,,
2024/01/10,0100 UTC,,,,,,,,,,,,,,,,,,
2024/01/10,0200 UTC,,,,,,,,,,,,,,,,,,
2024/01/10,0300 UTC,,,,,,,,,,,,,,,,,,
2024/01/10,0400 UTC,,,,,,,,,,,,,,,,,,
2024/01/10,0500 UTC,,,,,,,,,,,,,,,,,,
2024/01/10,0600 UTC,,,,,,,,,,,,,,,,,,
2024/01/10,0700 UTC,,,,,,,,,,,,,,,,,,
2024/01/10,0800 UTC,,,,,,,,,,,,,,,,,,
2024/01/10,0900 UTC,,,,,,,,,,,,,,,,,,
2024/01/10,1000 UTC,,,,,,,,,,,,,,,,,,
2024/01/10,1100 UTC,,,,,,,,,,,,,,,,,,
2024/01/10,1200 UTC,,,,,,,,,,,,,,,,,,
2024/01/10,1300 UTC,,,,,,,,,,,,,,,,,,
2024/01/10,1400 UTC,,,,,,,,,,,,,,,,,,
2024/01/10,1500 UTC,,,,,,,,,,,,,,,,,,
2024/01/10,1600 UTC,,,,,,,,,,,,,,,,,,
2024/01/10,1700 UTC,,,,,,,,,,,,,,,,,,
2024/01/10,1800 UTC,,,,,,,,,,,,,,,,,,
2024/01/10,1900 UTC,,,,,,,,,,,,,,,,,,
2024/01/10,2000 UTC,,,,,,,,,,,,,,,,,,
2024/01/10,2100 UTC,,,,,,,,,,,,,,,,,,
2024/01/10,2200 UTC,,,,,,,,,,,,,,,,,,
2024/01/10,2300 UTC,,,,,,,,,,,,,,,,,,
2024/01/11,0000 UTC,,,,,,,,,,,,,,,,,,
2024/01/11,0100 UTC,,,,,,,,,,,,,,,,,,
2024/01/11,0200 UTC,,,,,,,,,,,,,,,,,,
2024/01/11,0300 UTC,,,,,,,,,,,,,,,,,,
2024/01/11,0400 UTC,,,,,,,,,,,,,,,,,,
2024/01/11,0500 UTC,,,,,,,,,,,,,,,,,,
2024/01/11,0600 UTC,,,,,,,,,,,,,,,,,,
2024/01/11,0700 UTC,,,,,,,,,,,,,,,,,,
2024/01/11,0800 UTC,,,,,,,,,,,,,,,,,,
2024/01/11,0900 UTC,,,,,,,,,,,,,,,,,,
2024/01/11,1000 UTC,,,,,,,,,,,,,,,,,,
2024/01/11,1100 UTC,,,,,,,,,,,,,,,,,,
2024/01/11,1200 UTC,,,,,,,,,,,,,,,,,,
2024/01/11,1300 UTC,,,,,,,,,,,,,,,,,,
2024/01/11,1400 UTC,,,,,,,,,,,,,,,,,,
2024/01/11,1500 UTC,,,,,,,,,,,,,,,,,,
2024/01/11,1600 UTC,,,,,,,,,,,,,,,,,,
2024/01/11,1700 UTC,,,,,,,,,,,,,,,,,,
2024/01/11,1800 UTC,,,,,,,,,,,,,,,,,,
2024/01/11,1900 UTC,,,,,,,,,,,,,,,,,,
2024/01/11,2000 UTC,,,,,,,,,,,,,,,,,,
2024/01/11,2100 UTC,,,,,,,,,,,,,,,,,,
2024/01/11,2200 UTC,,,,,,,,,,,,,,,,,,
2024/01/11,2300 UTC,,,,,,,,,,,,,,,,,,
2024/01/12,0000 UTC,,,,,,,,,,,,,,,,,,
2024/01/12,0100 UTC,,,,,,,,,,,,,,,,,,
2024/01/12,0200 UTC,,,,,,,,,,,,,,,,,,
2024/01/12,0300 UTC,,,,,,,,,,,,,,,,,,
2024/01/12,0400 UTC,,,,,,,,,,,,,,,,,,
2024/01/12,0500 UTC,,,,,,,,,,,,,,,,,,
2024/01/12,0600 UTC,,,,,,,,,,,,,,,,,,
2024/01/12,0700 UTC,,,,,,,,,,,,,,,,,,
2024/01/12,0800 UTC,,,,,,,,,,,,,,,,,,
2024/01/12,0900 UTC,,,,,,,,,,,,,,,,,,
2024/01/12,1000 UTC,,,,,,,,,,,,,,,,,,
2024/01/12,1100 UTC,,,,,,,,,,,,,,,,,,
2024/01/12,1200 UTC,,,,,,,,,,,,,,,,,,
2024/01/12,1300 UTC,,,,,,,,,,,,,,,,,,
2024/01/12,1400 UTC,,,,,,,,,,,,,,,,,,
2024/01/12,1500 UTC,,,,,,,,,,,,,,,,,,
2024/01/12,1600 UTC,,,,,,,,,,,,,,,,,,
2024/01/12,1700 UTC,,,,,,,,,,,,,,,,,,
2024/01/12,1800 UTC,,,,,,,,,,,,,,,,,,
2024/01/12,1900 UTC,,,,,,,,,,,,,,,,,,
2024/01/12,2000 UTC,,,,,,,,,,,,,,,,,,
2024/01/12,2100 UTC,,,,,,,,,,,,,,,,,,
2024/01/12,2200 UTC,,,,,,,,,,,,,,,,,,
2024/01/12,2300 UTC,,,,,,,,,,,,,,,,,,
2024/01/13,0000 UTC,,,,,,,,,,,,,,,,,,
2024/01/13,0100 UTC,,,,,,,,,,,,,,,,,,
2024/01/13,0200 UTC,,,,,,,,,,,,,,,,,,
2024/01/13,0300 UTC,,,,,,,,,,,,,,,,,,
2024/01/13,0400 UTC,,,,,,,,,,,,,,,,,,
2024/01/13,0500 UTC,,,,,,,,,,,,,,,,,,
2024/01/13,0600 UTC,,,,,,,,,,,,,,,,,,
2024/01/13,0700 UTC,,,,,,,,,,,,,,,,,,
2024/01/13,0800 UTC,,,,,,,,,,,,,,,,,,
2024/01/13,0900 UTC,,,,,,,,,,,,,,,,,,
2024/01/13,1000 UTC,,,,,,,,,,,,,,,,,,
2024/01/13,1100 UTC,,,,,,,,,,,,,,,,,,
2024/01/13,1200 UTC,,,,,,,,,,,,,,,,,,
2024/01/13,1300 UTC,,,,,,,,,,,,,,,,,,
2024/01/13,1400 UTC,,,,,,,,,,,,,,,,,,
2024/01/13,1500 UTC,,,,,,,,,,,,,,,,,,
2024/01/13,1600 UTC,,,,,,,,,,,,,,,,,,
2024/01/13,1700 UTC,,,,,,,,,,,,,,,,,,
2024/01/13,1800 UTC,,,,,,,,,,,,,,,,,,
2024/01/13,1900 UTC,,,,,,,,,,,,,,,,,,
2024/01/13,2000 UTC,,,,,,,,,,,,,,,,,,
2024/01/13,2100 UTC,,,,,,,,,,,,,,,,,,
2024/01/13,2200 UTC,,,,,,,,,,,,,,,,,,
2024/01/13,2300 UTC,,,,,,,,,,,,,,,,,,
2024/01/14,0000 UTC,,,,,,,,,,,,,,,,,,
2024/01/14,0100 UTC,,,,,,,,,,,,,,,,,,
2024/01/14,0200 UTC,,,,,,,,,,,,,,,,,,
2024/01/14,0300 UTC,,,,,,,,,,,,,,,,,,
2024/01/14,0400 UTC,,,,,,,,,,,,,,,,,,
2024/01/14,0500 UTC,,,,,,,,,,,,,,,,,,
2024/01/14,0600 UTC,,,,,,,,,,,,,,,,,,
2024/01/14,0700 UTC,,,,,,,,,,,,,,,,,,
2024/01/14,0800 UTC,,,,,,,,,,,,,,,,,,
2024/01/14,0900 UTC,,,,,,,,,,,,,,,,,,
2024/01/14,1000 UTC,,,,,,,,,,,,,,,,,,
2024/01/14,1100 UTC,,,,,,,,,,,,,,,,,,
2024/01/14,1200 UTC,,,,,,,,,,,,,,,,,,
2024/01/14,1300 UTC,,,,,,,,,,,,,,,,,,
2024/01/14,1400 UTC,,,,,,,,,,,,,,,,,,
2024/01/14,1500 UTC,,,,,,,,,,,,,,,,,,
2024/01/14,1600 UTC,,,,,,,,,,,,,,,,,,
2024/01/14,1700 UTC,,,,,,,,,,,,,,,,,,
2024/01/14,1800 UTC,,,,,,,,,,,,,,,,,,
2024/01/14,1900 UTC,,,,,,,,,,,,,,,,,,
2024/01/14,2000 UTC,,,,,,,,,,,,,,,,,,
2024/01/14,2100 UTC,,,,,,,,,,,,,,,,,,
2024/01/14,2200 UTC,,,,,,,,,,,,,,,,,,
2024/01/14,2300 UTC,,,,,,,,,,,,,,,,,,
2024/01/15,0000 UTC,,,,,,,,,,,,,,,,,,
2024/01/15,0100 UTC,,,,,,,,,,,,,,,,,,
2024/01/15,0200 UTC,,,,,,,,,,,,,,,,,,
2024/01/15,0300 UTC,,,,,,,,,,,,,,,,,,
2024/01/15,0400 UTC,,,,,,,,,,,,,,,,,,
2024/01/15,0500 UTC,,,,,,,,,,,,,,,,,,
2024/01/15,0600 UTC,,,,,,,,,,,,,,,,,,
2024/01/15,0700 UTC,,,,,,,,,,,,,,,,,,
2024/01/15,0800 UTC,,,,,,,,,,,,,,,,,,
2024/01/15,0900 UTC,,,,,,,,,,,,,,,,,,
2024/01/15,1000 UTC,,,,,,,,,,,,,,,,,,
2024/01/15,1100 UTC,,,,,,,,,,,,,,,,,,
2024/01/15,1200 UTC,,,,,,,,,,,,,,,,,,
2024/01/15,1300 UTC,,,,,,,,,,,,,,,,,,
2024/01/15,1400 UTC,,,,,,,,,,,,,,,,,,
2024/01/15,1500 UTC,,,,,,,,,,,,,,,,,,
2024/01/15,1600 UTC,,,,,,,,,,,,,,,,,,
2024/01/15,1700 UTC,,,,,,,,,,,,,,,,,,
2024/01/15,1800 UTC,,,,,,,,,,,,,,,,,,
2024/01/15,1900 UTC,,,,,,,,,,,,,,,,,,
2024/01/15,2000 UTC,,,,,,,,,,,,,,,,,,
2024/01/15,2100 UTC,,,,,,,,,,,,,,,,,,
2024/01/15,2200 UTC,,,,,,,,,,,,,,,,,,
2024/01/15,2300 UTC,,,,,,,,,,,,,,,,,,
2024/01/16,0000 UTC,,,,,,,,,,,,,,,,,,
2024/01/16,0100 UTC,,,,,,,,,,,,,,,,,,
2024/01/16,0200 UTC,,,,,,,,,,,,,,,,,,
2024/01/16,0300 UTC,,,,,,,,,,,,,,,,,,
2024/01/16,0400 UTC,,,,,,,,,,,,,,,,,,
2024/01/16,0500 UTC,,,,,,,,,,,,,,,,,,
2024/01/16,0600 UTC,,,,,,,,,,,,,,,,,,
2024/01/16,0700 UTC,,,,,,,,,,,,,,,,,,
2024/01/16,0800 UTC,,,,,,,,,,,,,,,,,,
2024/01/16,0900 UTC,,,,,,,,,,,,,,,,,,
2024/01/16,1000 UTC,,,,,,,,,,,,,,,,,,
2024/01/16,1100 UTC,,,,,,,,,,,,,,,,,,
2024/01/16,1200 UTC,,,,,,,,,,,,,,,,,,
2024/01/16,1300 UTC,,,,,,,,,,,,,,,,,,
2024/01/16,1400 UTC,,,,,,,,,,,,,,,,,,
2024/01/16,1500 UTC,,,,,,,,,,,,,,,,,,
2024/01/16,1600 UTC,,,,,,,,,,,,,,,,,,
2024/01/16,1700 UTC,,,,,,,,,,,,,,,,,,
2024/01/16,1800 UTC,,,,,,,,,,,,,,,,,,
2024/01/16,1900 UTC,,,,,,,,,,,,,,,,,,
2024/01/16,2000 UTC,,,,,,,,,,,,,,,,,,
2024/01/16,2100 UTC,,,,,,,,,,,,,,,,,,
2024/01/16,2200 UTC,,,,,,,,,,,,,,,,,,
2024/01/16,2300 UTC,,,,,,,,,,,,,,,,,,
2024/01/17,0000 UTC,,,,,,,,,,,,,,,,,,
2024/01/17,0100 UTC,,,,,,,,,,,,,,,,,,
2024/01/17,0200 UTC,,,,,,,,,,,,,,,,,,
2024/01/17,0300 UTC,,,,,,,,,,,,,,,,,,
2024/01/17,0400 UTC,,,,,,,,,,,,,,,,,,
2024/01/17,0500 UTC,,,,,,,,,,,,,,,,,,
2024/01/17,0600 UTC,,,,,,,,,,,,,,,,,,
2024/01/17,0700 UTC,,,,,,,,,,,,,,,,,,
2024/01/17,0800 UTC,,,,,,,,,,,,,,,,,,
2024/01/17,0900 UTC,,,,,,,,,,,,,,,,,,
2024/01/17,1000 UTC,,,,,,,,,,,,,,,,,,
2024/01/17,1100 UTC,,,,,,,,,,,,,,,,,,
2024/01/17,1200 UTC,,,,,,,,,,,,,,,,,,
2024/01/17,1300 UTC,,,,,,,,,,,,,,,,,,
2024/01/17,1400 UTC,,,,,,,,,,,,,,,,,,
2024/01/17,1500 UTC,,,,,,,,,,,,,,,,,,
2024/01/17,1600 UTC,,,,,,,,,,,,,,,,,,
2024/01/17,1700 UTC,,,,,,,,,,,,,,,,,,
2024/01/17,1800 UTC,,,,,,,,,,,,,,,,,,
2024/01/17,1900 UTC,,,,,,,,,,,,,,,,,,
2024/01/17,2000 UTC,,,,,,,,,,,,,,,,,,
2024/01/17,2100 UTC,,,,,,,,,,,,,,,,,,
2024/01/17,2200 UTC,,,,,,,,,,,,,,,,,,
2024/01/17,2300 UTC,,,,,,,,,,,,,,,,,,
2024/01/18,0000 UTC,,,,,,,,,,,,,,,,,,
2024/01/18,0100 UTC,,,,,,,,,,,,,,,,,,
2024/01/18,0200 UTC,,,,,,,,,,,,,,,,,,
2024/01/18,0300 UTC,,,,,,,,,,,,,,,,,,
2024/01/18,0400 UTC,,,,,,,,,,,,,,,,,,
2024/01/18,0500 UTC,,,,,,,,,,,,,,,,,,
2024/01/18,0600 UTC,,,,,,,,,,,,,,,,,,
2024/01/18,0700 UTC,,,,,,,,,,,,,,,,,,
2024/01/18,0800 UTC,,,,,,,,,,,,,,,,,,
2024/01/18,0900 UTC,,,,,,,,,,,,,,,,,,
2024/01/18,1000 UTC,,,,,,,,,,,,,,,,,,
2024/01/18,1100 UTC,,,,,,,,,,,,,,,,,,
2024/01/18,1200 UTC,,,,,,,,,,,,,,,,,,
2024/01/18,1300 UTC,,,,,,,,,,,,,,,,,,
2024/01/18,1400 UTC,,,,,,,,,,,,,,,,,,
2024/01/18,1500 UTC,,,,,,,,,,,,,,,,,,
2024/01/18,1600 UTC,,,,,,,,,,,,,,,,,,
2024/01/18,1700 UTC,,,,,,,,,,,,,,,,,,
2024/01/18,1800 UTC,,,,,,,,,,,,,,,,,,
2024/01/18,1900 UTC,,,,,,,,,,,,,,,,,,
2024/01/18,2000 UTC,,,,,,,,,,,,,,,,,,
2024/01/18,2100 UTC,,,,,,,,,,,,,,,,,,
2024/01/18,2200 UTC,,,,,,,,,,,,,,,,,,
2024/01/18,2300 UTC,,,,,,,,,,,,,,,,,,
2024/01/19,0000 UTC,,,,,,,,,,,,,,,,,,
2024/01/19,0100 UTC,,,,,,,,,,,,,,,,,,
2024/01/19,0200 UTC,,,,,,,,,,,,,,,,,,
2024/01/19,0300 UTC,,,,,,,,,,,,,,,,,,
2024/01/19,0400 UTC,,,,,,,,,,,,,,,,,,
2024/01/19,0500 UTC,,,,,,,,,,,,,,,,,,
2024/01/19,0600 UTC,,,,,,,,,,,,,,,,,,
2024/01/19,0700 UTC,,,,,,,,,,,,,,,,,,
2024/01/19,0800 UTC,,,,,,,,,,,,,,,,,,
2024/01/19,0900 UTC,,,,,,,,,,,,,,,,,,
2024/01/19,1000 UTC,,,,,,,,,,,,,,,,,,
2024/01/19,1100 UTC,,,,,,,,,,,,,,,,,,
2024/01/19,1200 UTC,,,,,,,,,,,,,,,,,,
2024/01/19,1300 UTC,,,,,,,,,,,,,,,,,,
2024/01/19,1400 UTC,,,,,,,,,,,,,,,,,,
2024/01/19,1500 UTC,,,,,,,,,,,,,,,,,,
2024/01/19,1600 UTC,,,,,,,,,,,,,,,,,,
2024/01/19,1700 UTC,,,,,,,,,,,,,,,,,,
2024/01/19,1800 UTC,,,,,,,,,,,,,,,,,,
2024/01/19,1900 UTC,,,,,,,,,,,,,,,,,,
2024/01/19,2000 UTC,,,,,,,,,,,,,,,,,,
2024/01/19,2100 UTC,,,,,,,,,,,,,,,,,,
2024/01/19,2200 UTC,,,,,,,,,,,,,,,,,,
2024/01/19,2300 UTC,,,,,,,,,,,,,,,,,,
2024/01/20,0000 UTC,,,,,,,,,,,,,,,,,,
2024/01/20,0100 UTC,,,,,,,,,,,,,,,,,,
2024/01/20,0200 UTC,,,,,,,,,,,,,,,,,,
2024/01/20,0300 UTC,,,,,,,,,,,,,,,,,,
2024/01/20,0400 UTC,,,,,,,,,,,,,,,,,,
2024/01/20,0500 UTC,,,,,,,,,,,,,,,,,,
2024/01/20,0600 UTC,,,,,,,,,,,,,,,,,,
2024/01/20,0700 UTC,,,,,,,,,,,,,,,,,,
2024/01/20,0800 UTC,,,,,,,,,,,,,,,,,,
2024/01/20,0900 UTC,,,,,,,,,,,,,,,,,,
2024/01/20,1000 UTC,,,,,,,,,,,,,,,,,,
2024/01/20,1100 UTC,,,,,,,,,,,,,,,,,,
2024/01/20,1200 UTC,,,,,,,,,,,,,,,,,,
2024/01/20,1300 UTC,,,,,,,,,,,,,,,,,,
2024/01/20,1400 UTC,,,,,,,,,,,,,,,,,,
2024/01/20,1500 UTC,,,,,,,,,,,,,,,,,,
2024/01/20,1600 UTC,,,,,,,,,,,,,,,,,,
2024/01/20,1700 UTC,,,,,,,,,,,,,,,,,,
2024/01/20,1800 UTC,,,,,,,,,,,,,,,,,,
2024/01/20,1900 UTC,,,,,,,,,,,,,,,,,,
2024/01/20,2000 UTC,,,,,,,,,,,,,,,,,,
2024/01/20,2100 UTC,,,,,,,,,,,,,,,,,,
2024/01/20,2200 UTC,,,,,,,,,,,,,,,,,,
2024/01/20,2300 UTC,,,,,,,,,,,,,,,,,,
2024/01/21,0000 UTC,,,,,,,,,,,,,,,,,,
2024/01/21,0100 UTC,,,,,,,,,,,,,,,,,,
2024/01/21,0200 UTC,,,,,,,,,,,,,,,,,,
2024/01/21,0300 UTC,,,,,,,,,,,,,,,,,,
2024/01/21,0400 UTC,,,,,,,,,,,,,,,,,,
2024/01/21,0500 UTC,,,,,,,,,,,,,,,,,,
2024/01/21,0600 UTC,,,,,,,,,,,,,,,,,,
2024/01/21,0700 UTC,,,,,,,,,,,,,,,,,,
2024/01/21,0800 UTC,,,,,,,,,,,,,,,,,,
2024/01/21,0900 UTC,,,,,,,,,,,,,,,,,,
2024/01/21,1000 UTC,,,,,,,,,,,,,,,,,,
2024/01/21,1100 UTC,,,,,,,,,,,,,,,,,,
2024/01/21,1200 UTC,,,,,,,,,,,,,,,,,,
2024/01/21,1300 UTC,,,,,,,,,,,,,,,,,,
2024/01/21,1400 UTC,,,,,,,,,,,,,,,,,,
2024/01/21,1500 UTC,,,,,,,,,,,,,,,,,,
2024/01/21,1600 UTC,,,,,,,,,,,,,,,,,,
2024/01/21,1700 UTC,,,,,,,,,,,,,,,,,,
2024/01/21,1800 UTC,,,,,,,,,,,,,,,,,,
2024/01/21,1900 UTC,,,,,,,,,,,,,,,,,,
2024/01/21,2000 UTC,,,,,,,,,,,,,,,,,,
2024/01/21,2100 UTC,,,,,,,,,,,,,,,,,,
2024/01/21,2200 UTC,,,,,,,,,,,,,,,,,,
2024/01/21,2300 UTC,,,,,,,,,,,,,,,,,,
2024/01/22,0000 UTC,,,,,,,,,,,,,,,,,,
2024/01/22,0100 UTC,,,,,,,,,,,,,,,,,,
2024/01/22,0200 UTC,,,,,,,,,,,,,,,,,,
2024/01/22,0300 UTC,,,,,,,,,,,,,,,,,,
2024/01/22,0400 UTC,,,,,,,,,,,,,,,,,,
2024/01/22,0500 UTC,,,,,,,,,,,,,,,,,,
2024/01/22,0600 UTC,,,,,,,,,,,,,,,,,,
2024/01/22,0700 UTC,,,,,,,,,,,,,,,,,,
2024/01/22,0800 UTC,,,,,,,,,,,,,,,,,,
2024/01/22,0900 UTC,,,,,,,,,,,,,,,,,,
2024/01/22,1000 UTC,,,,,,,,,,,,,,,,,,
2024/01/22,1100 UTC,,,,,,,,,,,,,,,,,,
2024/01/22,1200 UTC,,,,,,,,,,,,,,,,,,
2024/01/22,1300 UTC,,,,,,,,,,,,,,,,,,
2024/01/22,1400 UTC,,,,,,,,,,,,,,,,,,
2024/01/22,1500 UTC,,,,,,,,,,,,,,,,,,
2024/01/22,1600 UTC,,,,,,,,,,,,,,,,,,
2024/01/22,1700 UTC,,,,,,,,,,,,,,,,,,
2024/01/22,1800 UTC,,,,,,,,,,,,,,,,,,
2024/01/22,1900 UTC,,,,,,,,,,,,,,,,,,
2024/01/22,2000 UTC,,,,,,,,,,,,,,,,,,
2024/01/22,2100 UTC,,,,,,,,,,,,,,,,,,
2024/01/22,2200 UTC,,,,,,,,,,,,,,,,,,
2024/01/22,2300 UTC,,,,,,,,,,,,,,,,,,
2024/01/23,0000 UTC,,,,,,,,,,,,,,,,,,
2024/01/23,0100 UTC,,,,,,,,,,,,,,,,,,
2024/01/23,0200 UTC,,,,,,,,,,,,,,,,,,
2024/01/23,0300 UTC,,,,,,,,,,,,,,,,,,
2024/01/23,0400 UTC,,,,,,,,,,,,,,,,,,
2024/01/23,0500 UTC,,,,,,,,,,,,,,,,,,
2024/01/23,0600 UTC,,,,,,,,,,,,,,,,,,
2024/01/23,0700 UTC,,,,,,,,,,,,,,,,,,
2024/01/23,0800 UTC,,,,,,,,,,,,,,,,,,
2024/01/23,0900 UTC,,,,,,,,,,,,,,,,,,
2024/01/23,1000 UTC,,,,,,,,,,,,,,,,,,
2024/01/23,1100 UTC,,,,,,,,,,,,,,,,,,
2024/01/23,1200 UTC,,,,,,,,,,,,,,,,,,
2024/01/23,1300 UTC,,,,,,,,,,,,,,,,,,
2024/01/23,1400 UTC,,,,,,,,,,,,,,,,,,
2024/01/23,1500 UTC,,,,,,,,,,,,,,,,,,
2024/01/23,1600 UTC,,,,,,,,,,,,,,,,,,
2024/01/23,1700 UTC,,,,,,,,,,,,,,,,,,
2024/01/23,1800 UTC,,,,,,,,,,,,,,,,,,
2024/01/23,1900 UTC,,,,,,,,,,,,,,,,,,
2024/01/23,2000 UTC,,,,,,,,,,,,,,,,,,
2024/01/23,2100 UTC,,,,,,,,,,,,,,,,,,
2024/01/23,2200 UTC,,,,,,,,,,,,,,,,,,
2024/01/23,2300 UTC,,,,,,,,,,,,,,,,,,
2024/01/24,0000 UTC,,,,,,,,,,,,,,,,,,
2024/01/24,0100 UTC,,,,,,,,,,,,,,,,,,
2024/01/24,0200 UTC,,,,,,,,,,,,,,,,,,
2024/01/24,0300 UTC,,,,,,,,,,,,,,,,,,
2024/01/24,0400 UTC,,,,,,,,,,,,,,,,,,
2024/01/24,0500 UTC,,,,,,,,,,,,,,,,,,
2024/01/24,0600 UTC,,,,,,,,,,,,,,,,,,
2024/01/24,0700 UTC,,,,,,,,,,,,,,,,,,
2024/01/24,0800 UTC,,,,,,,,,,,,,,,,,,
2024/01/24,0900 UTC,,,,,,,,,,,,,,,,,,
2024/01/24,1000 UTC,,,,,,,,,,,,,,,,,,
2024/01/24,1100 UTC,,,,,,,,,,,,,,,,,,
2024/01/24,1200 UTC,,,,,,,,,,,,,,,,,,
2024/01/24,1300 UTC,,,,,,,,,,,,,,,,,,
2024/01/24,1400 UTC,,,,,,,,,,,,,,,,,,
2024/01/24,1500 UTC,,,,,,,,,,,,,,,,,,
2024/01/24,1600 UTC,,,,,,,,,,,,,,,,,,
2024/01/24,1700 UTC,,,,,,,,,,,,,,,,,,
2024/01/24,1800 UTC,,,,,,,,,,,,,,,,,,
2024/01/24,1900 UTC,,,,,,,,,,,,,,,,,,
2024/01/24,2000 UTC,,,,,,,,,,,,,,,,,,
2024/01/24,2100 UTC,,,,,,,,,,,,,,,,,,
2024/01/24,2200 UTC,,,,,,,,,,,,,,,,,,
2024/01/24,2300 UTC,,,,,,,,,,,,,,,,,,
2024/01/25,0000 UTC,,,,,,,,,,,,,,,,,,
2024/01/25,0100 UTC,,,,,,,,,,,,,,,,,,
2024/01/25,0200 UTC,,,,,,,,,,,,,,,,,,
2024/01/25,0300 UTC,,,,,,,,,,,,,,,,,,
2024/01/25,0400 UTC,,,,,,,,,,,,,,,,,,
2024/01/25,0500 UTC,,,,,,,,,,,,,,,,,,
2024/01/25,0600 UTC,,,,,,,,,,,,,,,,,,
2024/01/25,0700 UTC,,,,,,,,,,,,,,,,,,
2024/01/25,0800 UTC,,,,,,,,,,,,,,,,,,
2024/01/25,0900 UTC,,,,,,,,,,,,,,,,,,
2024/01/25,1000 UTC,,,,,,,,,,,,,,,,,,
2024/01/25,1100 UTC,,,,,,,,,,,,,,,,,,
2024/01/25,1200 UTC,,,,,,,,,,,,,,,,,,
2024/01/25,1300 UTC,,,,,,,,,,,,,,,,,,
2024/01/25,1400 UTC,,,,,,,,,,,,,,,,,,
2024/01/25,1500 UTC,,,,,,,,,,,,,,,,,,
2024/01/25,1600 UTC,,,,,,,,,,,,,,,,,,
2024/01/25,1700 UTC,,,,,,,,,,,,,,,,,,
2024/01/25,1800 UTC,,,,,,,,,,,,,,,,,,
2024/01/25,1900 UTC,,,,,,,,,,,,,,,,,,
2024/01/25,2000 UTC,,,,,,,,,,,,,,,,,,
2024/01/25,2100 UTC,,,,,,,,,,,,,,,,,,
2024/01/25,2200 UTC,,,,,,,,,,,,,,,,,,
2024/01/25,2300 UTC,,,,,,,,,,,,,,,,,,
2024/01/26,0000 UTC,,,,,,,,,,,,,,,,,,
2024/01/26,0100 UTC,,,,,,,,,,,,,,,,,,
2024/01/26,0200 UTC,,,,,,,,,,,,,,,,,,
2024/01/26,0300 UTC,,,,,,,,,,,,,,,,,,
2024/01/26,0400 UTC,,,,,,,,,,,,,,,,,,
2024/01/26,0500 UTC,,,,,,,,,,,,,,,,,,
2024/01/26,0600 UTC,,,,,,,,,,,,,,,,,,
2024/01/26,0700 UTC,,,,,,,,,,,,,,,,,,
2024/01/26,0800 UTC,,,,,,,,,,,,,,,,,,
2024/01/26,0900 UTC,,,,,,,,,,,,,,,,,,
2024/01/26,1000 UTC,,,,,,,,,,,,,,,,,,
2024/01/26,1100 UTC,,,,,,,,,,,,,,,,,,
2024/01/26,1200 UTC,,,,,,,,,,,,,,,,,,
2024/01/26,1300 UTC,,,,,,,,,,,,,,,,,,
2024/01/26,1400 UTC,,,,,,,,,,,,,,,,,,
2024/01/26,1500 UTC,,,,,,,,,,,,,,,,,,
2024/01/26,1600 UTC,,,,,,,,,,,,,,,,,,
2024/01/26,1700 UTC,,,,,,,,,,,,,,,,,,
2024/01/26,1800 UTC,,,,,,,,,,,,,,,,,,
2024/01/26,1900 UTC,,,,,,,,,,,,,,,,,,
2024/01/26,2000 UTC,,,,,,,,,,,,,,,,,,
2024/01/26,2100 UTC,,,,,,,,,,,,,,,,,,
2024/01/26,2200 UTC,,,,,,,,,,,,,,,,,,
2024/01/26,2300 UTC,,,,,,,,,,,,,,,,,,
2024/01/27,0000 UTC,,,,,,,,,,,,,,,,,,
2024/01/27,0100 UTC,,,,,,,,,,,,,,,,,,
2024/01/27,0200 UTC,,,,,,,,,,,,,,,,,,
2024/01/27,0300 UTC,,,,,,,,,,,,,,,,,,
2024/01/27,0400 UTC,,,,,,,,,,,,,,,,,,
2024/01/27,0500 UTC,,,,,,,,,,,,,,,,,,
2024/01/27,0600 UTC,,,,,,,,,,,,,,,,,,
2024/01/27,0700 UTC,,,,,,,,,,,,,,,,,,
2024/01/27,0800 UTC,,,,,,,,,,,,,,,,,,
2024/01/27,0900 UTC,,,,,,,,,,,,,,,,,,
2024/01/27,1000 UTC,,,,,,,,,,,,,,,,,,
2024/01/27,1100 UTC,,,,,,,,,,,,,,,,,,
2024/01/27,1200 UTC,,,,,,,,,,,,,,,,,,
2024/01/27,1300 UTC,,,,,,,,,,,,,,,,,,
2024/01/27,1400 UTC,,,,,,,,,,,,,,,,,,
2024/01/27,1500 UTC,,,,,,,,,,,,,,,,,,
2024/01/27,1600 UTC,,,,,,,,,,,,,,,,,,
2024/01/27,1700 UTC,,,,,,,,,,,,,,,,,,
2024/01/27,1800 UTC,,,,,,,,,,,,,,,,,,
2024/01/27,1900 UTC,,,,,,,,,,,,,,,,,,
2024/01/27,2000 UTC,,,,,,,,,,,,,,,,,,
2024/01/27,2100 UTC,,,,,,,,,,,,,,,,,,
2024/01/27,2200 UTC,,,,,,,,,,,,,,,,,,
2024/01/27,2300 UTC,,,,,,,,,,,,,,,,,,
2024/01/28,0000 UTC,,,,,,,,,,,,,,,,,,
2024/01/28,0100 UTC,,,,,,,,,,,,,,,,,,
2024/01/28,0200 UTC,,,,,,,,,,,,,,,,,,
2024/01/28,0300 UTC,,,,,,,,,,,,,,,,,,
2024/01/28,0400 UTC,,,,,,,,,,,,,,,,,,
2024/01/28,0500 UTC,,,,,,,,,,,,,,,,,,
2024/01/28,0600 UTC,,,,,,,,,,,,,,,,,,
2024/01/28,0700 UTC,,,,,,,,,,,,,,,,,,
2024/01/28,0800 UTC,,,,,,,,,,,,,,,,,,
2024/01/28,0900 UTC,,,,,,,,,,,,,,,,,,
2024/01/28,1000 UTC,,,,,,,,,,,,,,,,,,
2024/01/28,1100 UTC,,,,,,,,,,,,,,,,,,
2024/01/28,1200 UTC,,,,,,,,,,,,,,,,,,
2024/01/28,1300 UTC,,,,,,,,,,,,,,,,,,
2024/01/28,1400 UTC,,,,,,,,,,,,,,,,,,
2024/01/28,1500 UTC,,,,,,,,,,,,,,,,,,
2024/01/28,1600 UTC,,,,,,,,,,,,,,,,,,
2024/01/28,1700 UTC,,,,,,,,,,,,,,,,,,
2024/01/28,1800 UTC,,,,,,,,,,,,,,,,,,
2024/01/28,1900 UTC,,,,,,,,,,,,,,,,,,
2024/01/28,2000 UTC,,,,,,,,,,,,,,,,,,
2024/01/28,2100 UTC,,,,,,,,,,,,,,,,,,
2024/01/28,2200 UTC,,,,,,,,,,,,,,,,,,
2024/01/28,2300 UTC,,,,,,,,,,,,,,,,,,
2024/01/29,0000 UTC,,,,,,,,,,,,,,,,,,
2024/01/29,0100 UTC,,,,,,,,,,,,,,,,,,
2024/01/29,0200 UTC,,,,,,,,,,,,,,,,,,
2024/01/29,0300 UTC,,,,,,,,,,,,,,,,,,
2024/01/29,0400 UTC,,,,,,,,,,,,,,,,,,
2024/01/29,0500 UTC,,,,,,,,,,,,,,,,,,
2024/01/29,0600 UTC,,,,,,,,,,,,,,,,,,
2024/01/29,0700 UTC,,,,,,,,,,,,,,,,,,
2024/01/29,0800 UTC,,,,,,,,,,,,,,,,,,
2024/01/29,0900 UTC,,,,,,,,,,,,,,,,,,
2024/01/29,1000 UTC,,,,,,,,,,,,,,,,,,
2024/01/29,1100 UTC,,,,,,,,,,,,,,,,,,
2024/01/29,1200 UTC,,,,,,,,,,,,,,,,,,
2024/01/29,1300 UTC,,,,,,,,,,,,,,,,,,
2024/01/29,1400 UTC,,,,,,,,,,,,,,,,,,
2024/01/29,1500 UTC,,,,,,,,,,,,,,,,,,
2024/01/29,1600 UTC,,,,,,,,,,,,,,,,,,
2024/01/29,1700 UTC,,,,,,,,,,,,,,,,,,
2024/01/29,1800 UTC,,,,,,,,,,,,,,,,,,
2024/01/29,1900 UTC,,,,,,,,,,,,,,,,,,
2024/01/29,2000 UTC,,,,,,,,,,,,,,,,,,
2024/01/29,2100 UTC,,,,,,,,,,,,,,,,,,
2024/01/29,2200 UTC,,,,,,,,,,,,,,,,,,
2024/01/29,2300 UTC,,,,,,,,,,,,,,,,,,
2024/01/30,0000 UTC,,,,,,,,,,,,,,,,,,
2024/01/30,0100 UTC,,,,,,,,,,,,,,,,,,
2024/01/30,0200 UTC,,,,,,,,,,,,,,,,,,
2024/01/30,0300 UTC,,,,,,,,,,,,,,,,,,
2024/01/30,0400 UTC,,,,,,,,,,,,,,,,,,
2024/01/30,0500 UTC,,,,,,,,,,,,,,,,,,
2024/01/30,0600 UTC,,,,,,,,,,,,,,,,,,
2024/01/30,0700 UTC,,,,,,,,,,,,,,,,,,
2024/01/30,0800 UTC,,,,,,,,,,,,,,,,,,
2024/01/30,0900 UTC,,,,,,,,,,,,,,,,,,
2024/01/30,1000 UTC,,,,,,,,,,,,,,,,,,
2024/01/30,1100 UTC,,,,,,,,,,,,,,,,,,
2024/01/30,1200 UTC,,,,,,,,,,,,,,,,,,
2024/01/30,1300 UTC,,,,,,,,,,,,,,,,,,
2024/01/30,1400 UTC,,,,,,,,,,,,,,,,,,
2024/01/30,1500 UTC,,,,,,,,,,,,,,,,,,
2024/01/30,1600 UTC,,,,,,,,,,,,,,,,,,
2024/01/30,1700 UTC,,,,,,,,,,,,,,,,,,
2024/01/30,1800 UTC,,,,,,,,,,,,,,,,,,
2024/01/30,1900 UTC,,,,,,,,,,,,,,,,,,
2024/01/30,2000 UTC,,,,,,,,,,,,,,,,,,
2024/01/30,2100 UTC,,,,,,,,,,,,,,,,,,
2024/01/30,2200 UTC,,,,,,,,,,,,,,,,,,
2024/01/30,2300 UTC,,,,,,,,,,,,,,,,,,
2024/01/31,0000 UTC,,,,,,,,,,,,,,,,,,
2024/01/31,0100 UTC,,,,,,,,,,,,,,,,,,
2024/01/31,0200 UTC,,,,,,,,,,,,,,,,,,
2024/01/31,0300 UTC,,,,,,,,,,,,,,,,,,
2024/01/31,0400 UTC,,,,,,,,,,,,,,,,,,
2024/01/31,0500 UTC,,,,,,,,,,,,,,,,,,
2024/01/31,0600 UTC,,,,,,,,,,,,,,,,,,
2024/01/31,0700 UTC,,,,,,,,,,,,,,,,,,
2024/01/31,0800 UTC,,,,,,,,,,,,,,,,,,
2024/01/31,0900 UTC,,,,,,,,,,,,,,,,,,
2024/01/31,1000 UTC,,,,,,,,,,,,,,,,,,
2024/01/31,1100 UTC,,,,,,,,,,,,,,,,,,
2024/01/31,1200 UTC,,,,,,,,,,,,,,,,,,
2024/01/31,1300 UTC,,,,,,,,,,,,,,,,,,
2024/01/31,1400 UTC,,,,,,,,,,,,,,,,,,
2024/01/31,1500 UTC,,,,,,,,,,,,,,,,,,
2024/01/31,1600 UTC,,,,,,,,,,,,,,,,,,
2024/01/31,1700 UTC,,,,,,,,,,,,,,,,,,
2024/01/31,1800 UTC,,,,,,,,,,,,,,,,,,
2024/01/31,1900 UTC,,,,,,,,,,,,,,,,,,
2024/01/31,2000 UTC,,,,,,,,,,,,,,,,,,
2024/01/31,2100 UTC,,,,,,,,,,,,,,,,,,
2024/01/31,2200 UTC,,,,,,,,,,,,,,,,,,
2024/01/31,2300 UTC,,,,,,,,,,,,,,,,,,
2024/02/01,0000 UTC,,,,,,,,,,,,,,,,,,
2024/02/01,0100 UTC,,,,,,,,,,,,,,,,,,
2024/02/01,0200 UTC,,,,,,,,,,,,,,,,,,
2024/02/01,0300 UTC,,,,,,,,,,,,,,,,,,
2024/02/01,0400 UTC,,,,,,,,,,,,,,,,,,
2024/02/01,0500 UTC,,,,,,,,,,,,,,,,,,
2024/02/01,0600 UTC,,,,,,,,,,,,,,,,,,
2024/02/01,0700 UTC,,,,,,,,,,,,,,,,,,
2024/02/01,0800 UTC,,,,,,,,,,,,,,,,,,
2024/02/01,0900 UTC,,,,,,,,,,,,,,,,,,
2024/02/01,1000 UTC,,,,,,,,,,,,,,,,,,
2024/02/01,1100 UTC,,,,,,,,,,,,,,,,,,
2024/02/01,1200 UTC,,,,,,,,,,,,,,,,,,
2024/02/01,1300 UTC,,,,,,,,,,,,,,,,,,
2024/02/01,1400 UTC,,,,,,,,,,,,,,,,,,
2024/02/01,1500 UTC,,,,,,,,,,,,,,,,,,
2024/02/01,1600 UTC,,,,,,,,,,,,,,,,,,
2024/02/01,1700 UTC,,,,,,,,,,,,,,,,,,
2024/02/01,1800 UTC,,,,,,,,,,,,,,,,,,
2024/02/01,1900 UTC,,,,,,,,,,,,,,,,,,
2024/02/01,2000 UTC,,,,,,,,,,,,,,,,,,
2024/02/01,2100 UTC,,,,,,,,,,,,,,,,,,
2024/02/01,2200 UTC,,,,,,,,,,,,,,,,,,
2024/02/01,2300 UTC,,,,,,,,,,,,,,,,,,
2024/02/02,0000 UTC,,,,,,,,,,,,,,,,,,
2024/02/02,0100 UTC,,,,,,,,,,,,,,,,,,
2024/02/02,0200 UTC,,,,,,,,,,,,,,,,,,
2024/02/02,0300 UTC,,,,,,,,,,,,,,,,,,
2024/02/02,0400 UTC,,,,,,,,,,,,,,,,,,
2024/02/02,0500 UTC,,,,,,,,,,,,,,,,,,
2024/02/02,0600 UTC,,,,,,,,,,,,,,,,,,
2024/02/02,0700 UTC,,,,,,,,,,,,,,,,,,
2024/02/02,0800 UTC,,,,,,,,,,,,,,,,,,
2024/02/02,0900 UTC,,,,,,,,,,,,,,,,,,
2024/02/02,1000 UTC,,,,,,,,,,,,,,,,,,
2024/02/02,1100 UTC,,,,,,,,,,,,,,,,,,
2024/02/02,1200 UTC,,,,,,,,,,,,,,,,,,
2024/02/02,1300 UTC,,,,,,,,,,,,,,,,,,
2024/02/02,1400 UTC,,,,,,,,,,,,,,,,,,
2024/02/02,1500 UTC,,,,,,,,,,,,,,,,,,
2024/02/02,1600 UTC,,,,,,,,,,,,,,,,,,
2024/02/02,1700 UTC,,,,,,,,,,,,,,,,,,
2024/02/02,1800 UTC,,,,,,,,,,,,,,,,,,
2024/02/02,1900 UTC,,,,,,,,,,,,,,,,,,
2024/02/02,2000 UTC,,,,,,,,,,,,,,,,,,
2024/02/02,2100 UTC,,,,,,,,,,,,,,,,,,
2024/02/02,2200 UTC,,,,,,,,,,,,,,,,,,
2024/02/02,2300 UTC,,,,,,,,,,,,,,,,,,
2024/02/03,0000 UTC,,,,,,,,,,,,,,,,,,
2024/02/03,0100 UTC,,,,,,,,,,,,,,,,,,
2024/02/03,0200 UTC,,,,,,,,,,,,,,,,,,
2024/02/03,0300 UTC,,,,,,,,,,,,,,,,,,
2024/02/03,0400 UTC,,,,,,,,,,,,,,,,,,
2024/02/03,0500 UTC,,,,,,,,,,,,,,,,,,
2024/02/03,0600 UTC,,,,,,,,,,,,,,,,,,
2024/02/03,0700 UTC,,,,,,,,,,,,,,,,,,
2024/02/03,0800 UTC,,,,,,,,,,,,,,,,,,
2024/02/03,0900 UTC,,,,,,,,,,,,,,,,,,
2024/02/03,1000 UTC,,,,,,,,,,,,,,,,,,
2024/02/03,1100 UTC,,,,,,,,,,,,,,,,,,
2024/02/03,1200 UTC,,,,,,,,,,,,,,,,,,
2024/02/03,1300 UTC,,,,,,,,,,,,,,,,,,
2024/02/03,1400 UTC,,,,,,,,,,,,,,,,,,
2024/02/03,1500 UTC,,,,,,,,,,,,,,,,,,
2024/02/03,1600 UTC,,,,,,,,,,,,,,,,,,
2024/02/03,1700 UTC,,,,,,,,,,,,,,,,,,
2024/02/03,1800 UTC,,,,,,,,,,,,,,,,,,
2024/02/03,1900 UTC,,,,,,,,,,,,,,,,,,
2024/02/03,2000 UTC,,,,,,,,,,,,,,,,,,
2024/02/03,2100 UTC,,,,,,,,,,,,,,,,,,
2024/02/03,2200 UTC,,,,,,,,,,,,,,,,,,
2024/02/03,2300 UTC,,,,,,,,,,,,,,,,,,
2024/02/04,0000 UTC,,,,,,,,,,,,,,,,,,
2024/02/04,0100 UTC,,,,,,,,,,,,,,,,,,
2024/02/04,0200 UTC,,,,,,,,,,,,,,,,,,
2024/02/04,0300 UTC,,,,,,,,,,,,,,,,,,
2024/02/04,0400 UTC,,,,,,,,,,,,,,,,,,
2024/02/04,0500 UTC,,,,,,,,,,,,,,,,,,
2024/02/04,0600 UTC,,,,,,,,,,,,,,,,,,
2024/02/04,0700 UTC,,,,,,,,,,,,,,,,,,
2024/02/04,0800 UTC,,,,,,,,,,,,,,,,,,
2024/02/04,0900 UTC,,,,,,,,,,,,,,,,,,
2024/02/04,1000 UTC,,,,,,,,,,,,,,,,,,
2024/02/04,1100 UTC,,,,,,,,,,,,,,,,,,
2024/02/04,1200 UTC,,,,,,,,,,,,,,,,,,
2024/02/04,1300 UTC,,,,,,,,,,,,,,,,,,
2024/02/04,1400 UTC,,,,,,,,,,,,,,,,,,
2024/02/04,1500 UTC,,,,,,,,,,,,,,,,,,
2024/02/04,1600 UTC,,,,,,,,,,,,,,,,,,
2024/02/04,1700 UTC,,,,,,,,,,,,,,,,,,
2024/02/04,1800 UTC,,,,,,,,,,,,,,,,,,
2024/02/04,1900 UTC,,,,,,,,,,,,,,,,,,
2024/02/04,2000 UTC,,,,,,,,,,,,,,,,,,
2024/02/04,2100 UTC,,,,,,,,,,,,,,,,,,
2024/02/04,2200 UTC,,,,,,,,,,,,,,,,,,
2024/02/04,2300 UTC,,,,,,,,,,,,,,,,,,
2024/02/05,0000 UTC,,,,,,,,,,,,,,,,,,
2024/02/05,0100 UTC,,,,,,,,,,,,,,,,,,
2024/02/05,0200 UTC,,,,,,,,,,,,,,,,,,
2024/02/05,0300 UTC,,,,,,,,,,,,,,,,,,
2024/02/05,0400 UTC,,,,,,,,,,,,,,,,,,
2024/02/05,0500 UTC,,,,,,,,,,,,,,,,,,
2024/02/05,0600 UTC,,,,,,,,,,,,,,,,,,
2024/02/05,0700 UTC,,,,,,,,,,,,,,,,,,
2024/02/05,0800 UTC,,,,,,,,,,,,,,,,,,
2024/02/05,0900 UTC,,,,,,,,,,,,,,,,,,
2024/02/05,1000 UTC,,,,,,,,,,,,,,,,,,
2024/02/05,1100 UTC,,,,,,,,,,,,,,,,,,
2024/02/05,1200 UTC,,,,,,,,,,,,,,,,,,
2024/02/05,1300 UTC,,,,,,,,,,,,,,,,,,
2024/02/05,1400 UTC,,,,,,,,,,,,,,,,,,
2024/02/05,1500 UTC,,,,,,,,,,,,,,,,,,
2024/02/05,1600 UTC,,,,,,,,,,,,,,,,,,
2024/02/05,1700 UTC,,,,,,,,,,,,,,,,,,
2024/02/05,1800 UTC,,,,,,,,,,,,,,,,,,
2024/02/05,1900 UTC,,,,,,,,,,,,,,,,,,
2024/02/05,2000 UTC,,,,,,,,,,,,,,,,,,
2024/02/05,2100 UTC,,,,,,,,,,,,,,,,,,
2024/02/05,2200 UTC,,,,,,,,,,,,,,,,,,
2024/02/05,2300 UTC,,,,,,,,,,,,,,,,,,
2024/02/06,0000 UTC,,,,,,,,,,,,,,,,,,
2024/02/06,0100 UTC,,,,,,,,,,,,,,,,,,
2024/02/06,0200 UTC,,,,,,,,,,,,,,,,,,
2024/02/06,0300 UTC,,,,,,,,,,,,,,,,,,
2024/02/06,0400 UTC,,,,,,,,,,,,,,,,,,
2024/02/06,0500 UTC,,,,,,,,,,,,,,,,,,
2024/02/06,0600 UTC,,,,,,,,,,,,,,,,,,
2024/02/06,0700 UTC,,,,,,,,,,,,,,,,,,
2024/02/06,0800 UTC,,,,,,,,,,,,,,,,,,
2024/02/06,0900 UTC,,,,,,,,,,,,,,,,,,
2024/02/06,1000 UTC,,,,,,,,,,,,,,,,,,
2024/02/06,1100 UTC,,,,,,,,,,,,,,,,,,
2024/02/06,1200 UTC,,,,,,,,,,,,,,,,,,
2024/02/06,1300 UTC,,,,,,,,,,,,,,,,,,
2024/02/06,1400 UTC,,,,,,,,,,,,,,,,,,
2024/02/06,1500 UTC,,,,,,,,,,,,,,,,,,
2024/02/06,1600 UTC,,,,,,,,,,,,,,,,,,
2024/02/06,1700 UTC,,,,,,,,,,,,,,,,,,
2024/02/06,1800 UTC,,,,,,,,,,,,,,,,,,
2024/02/06,1900 UTC,,,,,,,,,,,,,,,,,,
2024/02/06,2000 UTC,,,,,,,,,,,,,,,,,,
2024/02/06,2100 UTC,,,,,,,,,,,,,,,,,,
2024/02/06,2200 UTC,,,,,,,,,,,,,,,,,,
2024/02/06,2300 UTC,,,,,,,,,,,,,,,,,,
2024/02/07,0000 UTC,,,,,,,,,,,,,,,,,,
2024/02/07,0100 UTC,,,,,,,,,,,,,,,,,,
2024/02/07,0200 UTC,,,,,,,,,,,,,,,,,,
2024/02/07,0300 UTC,,,,,,,,,,,,,,,,,,
2024/02/07,0400 UTC,,,,,,,,,,,,,,,,,,
2024/02/07,0500 UTC,,,,,,,,,,,,,,,,,,
2024/02/07,0600 UTC,,,,,,,,,,,,,,,,,,
2024/02/07,0700 UTC,,,,,,,,,,,,,,,,,,
2024/02/07,0800 UTC,,,,,,,,,,,,,,,,,,
2024/02/07,0900 UTC,,,,,,,,,,,,,,,,,,
2024/02/07,1000 UTC,,,,,,,,,,,,,,,,,,
2024/02/07,1100 UTC,,,,,,,,,,,,,,,,,,
2024/02/07,1200 UTC,,,,,,,,,,,,,,,,,,
2024/02/07,1300 UTC,,,,,,,,,,,,,,,,,,
2024/02/07,1400 UTC,,,,,,,,,,,,,,,,,,
2024/02/07,1500 UTC,,,,,,,,,,,,,,,,,,
2024/02/07,1600 UTC,,,,,,,,,,,,,,,,,,
2024/02/07,1700 UTC,,,,,,,,,,,,,,,,,,
2024/02/07,1800 UTC,,,,,,,,,,,,,,,,,,
2024/02/07,1900 UTC,,,,,,,,,,,,,,,,,,
2024/02/07,2000 UTC,,,,,,,,,,,,,,,,,,
2024/02/07,2100 UTC,,,,,,,,,,,,,,,,,,
2024/02/07,2200 UTC,,,,,,,,,,,,,,,,,,
2024/02/07,2300 UTC,,,,,,,,,,,,,,,,,,
2024/02/08,0000 UTC,,,,,,,,,,,,,,,,,,
2024/02/08,0100 UTC,,,,,,,,,,,,,,,,,,
2024/02/08,0200 UTC,,,,,,,,,,,,,,,,,,
2024/02/08,0300 UTC,,,,,,,,,,,,,,,,,,
2024/02/08,0400 UTC,,,,,,,,,,,,,,,,,,
2024/02/08,0500 UTC,,,,,,,,,,,,,,,,,,
2024/02/08,0600 UTC,,,,,,,,,,,,,,,,,,
2024/02/08,0700 UTC,,,,,,,,,,,,,,,,,,
2024/02/08,0800 UTC,,,,,,,,,,,,,,,,,,
2024/02/08,0900 UTC,,,,,,,,,,,,,,,,,,
2024/02/08,1000 UTC,,,,,,,,,,,,,,,,,,
2024/02/08,1100 UTC,,,,,,,,,,,,,,,,,,
2024/02/08,1200 UTC,,,,,,,,,,,,,,,,,,
2024/02/08,1300 UTC,,,,,,,,,,,,,,,,,,
2024/02/08,1400 UTC,,,,,,,,,,,,,,,,,,
2024/02/08,1500 UTC,,,,,,,,,,,,,,,,,,
2024/02/08,1600 UTC,,,,,,,,,,,,,,,,,,
2024/02/08,1700 UTC,,,,,,,,,,,,,,,,,,
2024/02/08,1800 UTC,,,,,,,,,,,,,,,,,,
2024/02/08,1900 UTC,,,,,,,,,,,,,,,,,,
2024/02/08,2000 UTC,,,,,,,,,,,,,,,,,,
2024/02/08,2100 UTC,,,,,,,,,,,,,,,,,,
2024/02/08,2200 UTC,,,,,,,,,,,,,,,,,,
2024/02/08,2300 UTC,,,,,,,,,,,,,,,,,,
2024/02/09,0000 UTC,,,,,,,,,,,,,,,,,,
2024/02/09,0100 UTC,,,,,,,,,,,,,,,,,,
2024/02/09,0200 UTC,,,,,,,,,,,,,,,,,,
2024/02/09,0300 UTC,,,,,,,,,,,,,,,,,,
2024/02/09,0400 UTC,,,,,,,,,,,,,,,,,,
2024/02/09,0500 UTC,,,,,,,,,,,,,,,,,,
2024/02/09,0600 UTC,,,,,,,,,,,,,,,,,,
2024/02/09,0700 UTC,,,,,,,,,,,,,,,,,,
2024/02/09,0800 UTC,,,,,,,,,,,,,,,,,,
2024/02/09,0900 UTC,,,,,,,,,,,,,,,,,,
2024/02/09,1000 UTC,,,,,,,,,,,,,,,,,,
2024/02/09,1100 UTC,,,,,,,,,,,,,,,,,,
2024/02/09,1200 UTC,,,,,,,,,,,,,,,,,,
2024/02/09,1300 UTC,,,,,,,,,,,,,,,,,,
2024/02/09,1400 UTC,,,,,,,,,,,,,,,,,,
2024/02/09,1500 UTC,,,,,,,,,,,,,,,,,,
2024/02/09,1600 UTC,,,,,,,,,,,,,,,,,,
2024/02/09,1700 UTC,,,,,,,,,,,,,,,,,,
2024/02/09,1800 UTC,,,,,,,,,,,,,,,,,,
2024/02/09,1900 UTC,,,,,,,,,,,,,,,,,,
2024/02/09,2000 UTC,,,,,,,,,,,,,,,,,,
2024/02/09,2100 UTC,,,,,,,,,,,,,,,,,,
2024/02/09,2200 UTC,,,,,,,,,,,,,,,,,,
2024/02/09,2300 UTC,,,,,,,,,,,,,,,,,,
2024/02/10,0000 UTC,,,,,,,,,,,,,,,,,,
2024/02/10,0100 UTC,,,,,,,,,,,,,,,,,,
2024/02/10,0200 UTC,,,,,,,,,,,,,,,,,,
2024/02/10,0300 UTC,,,,,,,,,,,,,,,,,,
2024/02/10,0400 UTC,,,,,,,,,,,,,,,,,,
2024/02/10,0500 UTC,,,,,,,,,,,,,,,,,,
2024/02/10,0600 UTC,,,,,,,,,,,,,,,,,,
2024/02/10,0700 UTC,,,,,,,,,,,,,,,,,,
2024/02/10,0800 UTC,,,,,,,,,,,,,,,,,,
2024/02/10,0900 UTC,,,,,,,,,,,,,,,,,,
2024/02/10,1000 UTC,,,,,,,,,,,,,,,,,,
2024/02/10,1100 UTC,,,,,,,,,,,,,,,,,,
2024/02/10,1200 UTC,,,,,,,,,,,,,,,,,,
2024/02/10,1300 UTC,,,,,,,,,,,,,,,,,,
2024/02/10,1400 UTC,,,,,,,,,,,,,,,,,,
2024/02/10,1500 UTC,,,,,,,,,,,,,,,,,,
2024/02/10,1600 UTC,,,,,,,,,,,,,,,,,,
2024/02/10,1700 UTC,,,,,,,,,,,,,,,,,,
2024/02/10,1800 UTC,,,,,,,,,,,,,,,,,,
2024/02/10,1900 UTC,,,,,,,,,,,,,,,,,,
2024/02/10,2000 UTC,,,,,,,,,,,,,,,,,,
2024/02/10,2100 UTC,,,,,,,,,,,,,,,,,,
2024/02/10,2200 UTC,,,,,,,,,,,,,,,,,,
2024/02/10,2300 UTC,,,,,,,,,,,,,,,,,,
2024/02/11,0000 UTC,,,,,,,,,,,,,,,,,,
2024/02/11,0100 UTC,,,,,,,,,,,,,,,,,,
2024/02/11,0200 UTC,,,,,,,,,,,,,,,,,,
2024/02/11,0300 UTC,,,,,,,,,,,,,,,,,,
2024/02/11,0400 UTC,,,,,,,,,,,,,,,,,,
2024/02/11,0500 UTC,,,,,,,,,,,,,,,,,,
2024/02/11,0600 UTC,,,,,,,,,,,,,,,,,,
2024/02/11,0700 UTC,,,,,,,,,,,,,,,,,,
2024/02/11,0800 UTC,,,,,,,,,,,,,,,,,,
2024/02/11,0900 UTC,,,,,,,,,,,,,,,,,,
2024/02/11,1000 UTC,,,,,,,,,,,,,,,,,,
2024/02/11,1100 UTC,,,,,,,,,,,,,,,,,,
2024/02/11,1200 UTC,,,,,,,,,,,,,,,,,,
2024/02/11,1300 UTC,,,,,,,,,,,,,,,,,,
2024/02/11,1400 UTC,,,,,,,,,,,,,,,,,,
2024/02/11,1500 UTC,,,,,,,,,,,,,,,,,,
2024/02/11,1600 UTC,,,,,,,,,,,,,,,,,,
2024/02/11,1700 UTC,,,,,,,,,,,,,,,,,,
2024/02/11,1800 UTC,,,,,,,,,,,,,,,,,,
2024/02/11,1900 UTC,,,,,,,,,,,,,,,,,,
2024/02/11,2000 UTC,,,,,,,,,,,,,,,,,,
2024/02/11,2100 UTC,,,,,,,,,,,,,,,,,,
2024/02/11,2200 UTC,,,,,,,,,,,,,,,,,,
2024/02/11,2300 UTC,,,,,,,,,,,,,,,,,,
2024/02/12,0000 UTC,,,,,,,,,,,,,,,,,,
2024/02/12,0100 UTC,,,,,,,,,,,,,,,,,,
2024/02/12,0200 UTC,,,,,,,,,,,,,,,,,,
2024/02/12,0300 UTC,,,,,,,,,,,,,,,,,,
2024/02/12,0400 UTC,,,,,,,,,,,,,,,,,,
2024/02/12,0500 UTC,,,,,,,,,,,,,,,,,,
2024/02/12,0600 UTC,,,,,,,,,,,,,,,,,,
2024/02/12,0700 UTC,,,,,,,,,,,,,,,,,,
2024/02/12,0800 UTC,,,,,,,,,,,,,,,,,,
2024/02/12,0900 UTC,,,,,,,,,,,,,,,,,,
2024/02/12,1000 UTC,,,,,,,,,,,,,,,,,,
2024/02/12,1100 UTC,,,,,,,,,,,,,,,,,,
2024/02/12,1200 UTC,,,,,,,,,,,,,,,,,,
2024/02/12,1300 UTC,,,,,,,,,,,,,,,,,,
2024/02/12,1400 UTC,,,,,,,,,,,,,,,,,,
2024/02/12,1500 UTC,,,,,,,,,,,,,,,,,,
2024/02/12,1600 UTC,,,,,,,,,,,,,,,,,,
2024/02/12,1700 UTC,,,,,,,,,,,,,,,,,,
2024/02/12,1800 UTC,,,,,,,,,,,,,,,,,,
2024/02/12,1900 UTC,,,,,,,,,,,,,,,,,,
2024/02/12,2000 UTC,,,,,,,,,,,,,,,,,,
2024/02/12,2100 UTC,,,,,,,,,,,,,,,,,,
2024/02/12,2200 UTC,,,,,,,,,,,,,,,,,,
2024/02/12,2300 UTC,,,,,,,,,,,,,,,,,,
2024/02/13,0000 UTC,,,,,,,,,,,,,,,,,,
2024/02/13,0100 UTC,,,,,,,,,,,,,,,,,,
2024/02/13,0200 UTC,,,,,,,,,,,,,,,,,,
2024/02/13,0300 UTC,,,,,,,,,,,,,,,,,,
2024/02/13,0400 UTC,,,,,,,,,,,,,,,,,,
2024/02/13,0500 UTC,,,,,,,,,,,,,,,,,,
2024/02/13,0600 UTC,,,,,,,,,,,,,,,,,,
2024/02/13,0700 UTC,,,,,,,,,,,,,,,,,,
2024/02/13,0800 UTC,,,,,,,,,,,,,,,,,,
2024/02/13,0900 UTC,,,,,,,,,,,,,,,,,,
2024/02/13,1000 UTC,,,,,,,,,,,,,,,,,,
2024/02/13,1100 UTC,,,,,,,,,,,,,,,,,,
2024/02/13,1200 UTC,,,,,,,,,,,,,,,,,,
2024/02/13,1300 UTC,,,,,,,,,,,,,,,,,,
2024/02/13,1400 UTC,,,,,,,,,,,,,,,,,,
2024/02/13,1500 UTC,,,,,,,,,,,,,,,,,,
2024/02/13,1600 UTC,,,,,,,,,,,,,,,,,,
2024/02/13,1700 UTC,,,,,,,,,,,,,,,,,,
2024/02/13,1800 UTC,,,,,,,,,,,,,,,,,,
2024/02/13,1900 UTC,,,,,,,,,,,,,,,,,,
2024/02/13,2000 UTC,,,,,,,,,,,,,,,,,,
2024/02/13,2100 UTC,,,,,,,,,,,,,,,,,,
2024/02/13,2200 UTC,,,,,,,,,,,,,,,,,,
2024/02/13,2300 UTC,,,,,,,,,,,,,,,,,,
2024/02/14,0000 UTC,,,,,,,,,,,,,,,,,,
2024/02/14,0100 UTC,,,,,,,,,,,,,,,,,,
2024/02/14,0200 UTC,,,,,,,,,,,,,,,,,,
2024/02/14,0300 UTC,,,,,,,,,,,,,,,,,,
2024/02/14,0400 UTC,,,,,,,,,,,,,,,,,,
2024/02/14,0500 UTC,,,,,,,,,,,,,,,,,,
2024/02/14,0600 UTC,,,,,,,,,,,,,,,,,,
2024/02/14,0700 UTC,,,,,,,,,,,,,,,,,,
2024/02/14,0800 UTC,,,,,,,,,,,,,,,,,,
2024/02/14,0900 UTC,,,,,,,,,,,,,,,,,,
2024/02/14,1000 UTC,,,,,,,,,,,,,,,,,,
2024/02/14,1100 UTC,,,,,,,,,,,,,,,,,,
2024/02/14,1200 UTC,,,,,,,,,,,,,,,,,,
2024/02/14,1300 UTC,,,,,,,,,,,,,,,,,,
2024/02/14,1400 UTC,,,,,,,,,,,,,,,,,,
2024/02/14,1500 UTC,,,,,,,,,,,,,,,,,,
2024/02/14,1600 UTC,,,,,,,,,,,,,,,,,,
2024/02/14,1700 UTC,,,,,,,,,,,,,,,,,,
2024/02/14,1800 UTC,,,,,,,,,,,,,,,,,,
2024/02/14,1900 UTC,,,,,,,,,,,,,,,,,,
2024/02/14,2000 UTC,,,,,,,,,,,,,,,,,,
2024/02/14,2100 UTC,,,,,,,,,,,,,,,,,,
2024/02/14,2200 UTC,,,,,,,,,,,,,,,,,,
2024/02/14,2300 UTC,,,,,,,,,,,,,,,,,,
2024/02/15,0000 UTC,,,,,,,,,,,,,,,,,,
2024/02/15,0100 UTC,,,,,,,,,,,,,,,,,,
2024/02/15,0200 UTC,,,,,,,,,,,,,,,,,,
2024/02/15,0300 UTC,,,,,,,,,,,,,,,,,,
2024/02/15,0400 UTC,,,,,,,,,,,,,,,,,,
2024/02/15,0500 UTC,,,,,,,,,,,,,,,,,,
2024/02/15,0600 UTC,,,,,,,,,,,,,,,,,,
2024/02/15,0700 UTC,,,,,,,,,,,,,,,,,,
2024/02/15,0800 UTC,,,,,,,,,,,,,,,,,,
2024/02/15,0900 UTC,,,,,,,,,,,,,,,,,,
2024/02/15,1000 UTC,,,,,,,,,,,,,,,,,,
2024/02/15,1100 UTC,,,,,,,,,,,,,,,,,,
2024/02/15,1200 UTC,,,,,,,,,,,,,,,,,,
2024/02/15,1300 UTC,,,,,,,,,,,,,,,,,,
2024/02/15,1400 UTC,,,,,,,,,,,,,,,,,,
2024/02/15,1500 UTC,,,,,,,,,,,,,,,,,,
2024/02/15,1600 UTC,,,,,,,,,,,,,,,,,,
2024/02/15,1700 UTC,,,,,,,,,,,,,,,,,,
2024/02/15,1800 UTC,,,,,,,,,,,,,,,,,,
2024/02/15,1900 UTC,,,,,,,,,,,,,,,,,,
2024/02/15,2000 UTC,,,,,,,,,,,,,,,,,,
2024/02/15,2100 UTC,,,,,,,,,,,,,,,,,,
2024/02/15,2200 UTC,,,,,,,,,,,,,,,,,,
2024/02/15,2300 UTC,,,,,,,,,,,,,,,,,,
2024/02/16,0000 UTC,,,,,,,,,,,,,,,,,,
2024/02/16,0100 UTC,,,,,,,,,,,,,,,,,,
2024/02/16,0200 UTC,,,,,,,,,,,,,,,,,,
2024/02/16,0300 UTC,,,,,,,,,,,,,,,,,,
2024/02/16,0400 UTC,,,,,,,,,,,,,,,,,,
2024/02/16,0500 UTC,,,,,,,,,,,,,,,,,,
2024/02/16,0600 UTC,,,,,,,,,,,,,,,,,,
2024/02/16,0700 UTC,,,,,,,,,,,,,,,,,,
2024/02/16,0800 UTC,,,,,,,,,,,,,,,,,,
2024/02/16,0900 UTC,,,,,,,,,,,,,,,,,,
2024/02/16,1000 UTC,,,,,,,,,,,,,,,,,,
2024/02/16,1100 UTC,,,,,,,,,,,,,,,,,,
2024/02/16,1200 UTC,,,,,,,,,,,,,,,,,,
2024/02/16,1300 UTC,,,,,,,,,,,,,,,,,,
2024/02/16,1400 UTC,,,,,,,,,,,,,,,,,,
2024/02/16,1500 UTC,,,,,,,,,,,,,,,,,,
2024/02/16,1600 UTC,,,,,,,,,,,,,,,,,,
2024/02/16,1700 UTC,,,,,,,,,,,,,,,,,,
2024/02/16,1800 UTC,,,,,,,,,,,,,,,,,,
2024/02/16,1900 UTC,,,,,,,,,,,,,,,,,,
2024/02/16,2000 UTC,,,,,,,,,,,,,,,,,,
2024/02/16,2100 UTC,,,,,,,,,,,,,,,,,,
2024/02/16,2200 UTC,,,,,,,,,,,,,,,,,,
2024/02/16,2300 UTC,,,,,,,,,,,,,,,,,,
2024/02/17,0000 UTC,,,,,,,,,,,,,,,,,,
2024/02/17,0100 UTC,,,,,,,,,,,,,,,,,,
2024/02/17,0200 UTC,,,,,,,,,,,,,,,,,,
2024/02/17,0300 UTC,,,,,,,,,,,,,,,,,,
2024/02/17,0400 UTC,,,,,,,,,,,,,,,,,,
2024/02/17,0500 UTC,,,,,,,,,,,,,,,,,,
2024/02/17,0600 UTC,,,,,,,,,,,,,,,,,,
2024/02/17,0700 UTC,,,,,,,,,,,,,,,,,,
2024/02/17,0800 UTC,,,,,,,,,,,,,,,,,,
2024/02/17,0900 UTC,,,,,,,,,,,,,,,,,,
2024/02/17,1000 UTC,,,,,,,,,,,,,,,,,,
2024/02/17,1100 UTC,,,,,,,,,,,,,,,,,,
2024/02/17,1200 UTC,,,,,,,,,,,,,,,,,,
2024/02/17,1300 UTC,,,,,,,,,,,,,,,,,,
2024/02/17,1400 UTC,,,,,,,,,,,,,,,,,,
2024/02/17,1500 UTC,,,,,,,,,,,,,,,,,,
2024/02/17,1600 UTC,,,,,,,,,,,,,,,,,,
2024/02/17,1700 UTC,,,,,,,,,,,,,,,,,,
2024/02/17,1800 UTC,,,,,,,,,,,,,,,,,,
2024/02/17,1900 UTC,,,,,,,,,,,,,,,,,,
2024/02/17,2000 UTC,,,,,,,,,,,,,,,,,,
2024/02/17,2100 UTC,,,,,,,,,,,,,,,,,,
2024/02/17,2200 UTC,,,,,,,,,,,,,,,,,,
2024/02/17,2300 UTC,,,,,,,,,,,,,,,,,,
2024/02/18,0000 UTC,,,,,,,,,,,,,,,,,,
2024/02/18,0100 UTC,,,,,,,,,,,,,,,,,,
2024/02/18,0200 UTC,,,,,,,,,,,,,,,,,,
2024/02/18,0300 UTC,,,,,,,,,,,,,,,,,,
2024/02/18,0400 UTC,,,,,,,,,,,,,,,,,,
2024/02/18,0500 UTC,,,,,,,,,,,,,,,,,,
2024/02/18,0600 UTC,,,,,,,,,,,,,,,,,,
2024/02/18,0700 UTC,,,,,,,,,,,,,,,,,,
2024/02/18,0800 UTC,,,,,,,,,,,,,,,,,,
2024/02/18,0900 UTC,,,,,,,,,,,,,,,,,,
2024/02/18,1000 UTC,,,,,,,,,,,,,,,,,,
2024/02/18,1100 UTC,,,,,,,,,,,,,,,,,,
2024/02/18,1200 UTC,,,,,,,,,,,,,,,,,,
2024/02/18,1300 UTC,,,,,,,,,,,,,,,,,,
2024/02/18,1400 UTC,,,,,,,,,,,,,,,,,,
2024/02/18,1500 UTC,,,,,,,,,,,,,,,,,,
2024/02/18,1600 UTC,,,,,,,,,,,,,,,,,,
2024/02/18,1700 UTC,,,,,,,,,,,,,,,,,,
2024/02/18,1800 UTC,,,,,,,,,,,,,,,,,,
2024/02/18,1900 UTC,,,,,,,,,,,,,,,,,,
2024/02/18,2000 UTC,,,,,,,,,,,,,,,,,,
2024/02/18,2100 UTC,,,,,,,,,,,,,,,,,,
2024/02/18,2200 UTC,,,,,,,,,,,,,,,,,,
2024/02/18,2300 UTC,,,,,,,,,,,,,,,,,,
2024/02/19,0000 UTC,,,,,,,,,,,,,,,,,,
2024/02/19,0100 UTC,,,,,,,,,,,,,,,,,,
2024/02/19,0200 UTC,,,,,,,,,,,,,,,,,,
2024/02/19,0300 UTC,,,,,,,,,,,,,,,,,,
2024/02/19,0400 UTC,,,,,,,,,,,,,,,,,,
2024/02/19,0500 UTC,,,,,,,,,,,,,,,,,,
2024/02/19,0600 UTC,,,,,,,,,,,,,,,,,,
2024/02/19,0700 UTC,,,,,,,,,,,,,,,,,,
2024/02/19,0800 UTC,,,,,,,,,,,,,,,,,,
2024/02/19,0900 UTC,,,,,,,,,,,,,,,,,,
2024/02/19,1000 UTC,,,,,,,,,,,,,,,,,,
2024/02/19,1100 UTC,,,,,,,,,,,,,,,,,,
2024/02/19,1200 UTC,,,,,,,,,,,,,,,,,,
2024/02/19,1300 UTC,,,,,,,,,,,,,,,,,,
2024/02/19,1400 UTC,,,,,,,,,,,,,,,,,,
2024/02/19,1500 UTC,,,,,,,,,,,,,,,,,,
2024/02/19,1600 UTC,,,,,,,,,,,,,,,,,,
2024/02/19,1700 UTC,,,,,,,,,,,,,,,,,,
2024/02/19,1800 UTC,,,,,,,,,,,,,,,,,,
2024/02/19,1900 UTC,,,,,,,,,,,,,,,,,,
2024/02/19,2000 UTC,,,,,,,,,,,,,,,,,,
2024/02/19,2100 UTC,,,,,,,,,,,,,,,,,,
2024/02/19,2200 UTC,,,,,,,,,,,,,,,,,,
2024/02/19,2300 UTC,,,,,,,,,,,,,,,,,,
2024/02/20,0000 UTC,,,,,,,,,,,,,,,,,,
2024/02/20,0100 UTC,,,,,,,,,,,,,,,,,,
2024/02/20,0200 UTC,,,,,,,,,,,,,,,,,,
2024/02/20,0300 UTC,,,,,,,,,,,,,,,,,,
2024/02/20,0400 UTC,,,,,,,,,,,,,,,,,,
2024/02/20,0500 UTC,,,,,,,,,,,,,,,,,,
2024/02/20,0600 UTC,,,,,,,,,,,,,,,,,,
2024/02/20,0700 UTC,,,,,,,,,,,,,,,,,,
2024/02/20,0800 UTC,,,,,,,,,,,,,,,,,,
2024/02/20,0900 UTC,,,,,,,,,,,,,,,,,,
2024/02/20,1000 UTC,,,,,,,,,,,,,,,,,,
2024/02/20,1100 UTC,,,,,,,,,,,,,,,,,,
2024/02/20,1200 UTC,,,,,,,,,,,,,,,,,,
2024/02/20,1300 UTC,,,,,,,,,,,,,,,,,,
2024/02/20,1400 UTC,,,,,,,,,,,,,,,,,,
2024/02/20,1500 UTC,,,,,,,,,,,,,,,,,,
2024/02/20,1600 UTC,,,,,,,,,,,,,,,,,,
2024/02/20,1700 UTC,,,,,,,,,,,,,,,,,,
2024/02/20,1800 UTC,,,,,,,,,,,,,,,,,,
2024/02/20,1900 UTC,,,,,,,,,,,,,,,,,,
2024/02/20,2000 UTC,,,,,,,,,,,,,,,,,,
2024/02/20,2100 UTC,,,,,,,,,,,,,,,,,,
2024/02/20,2200 UTC,,,,,,,,,,,,,,,,,,
2024/02/20,2300 UTC,,,,,,,,,,,,,,,,,,
2024/02/21,0000 UTC,,,,,,,,,,,,,,,,,,
2024/02/21,0100 UTC,,,,,,,,,,,,,,,,,,
2024/02/21,0200 UTC,,,,,,,,,,,,,,,,,,
2024/02/21,0300 UTC,,,,,,,,,,,,,,,,,,
2024/02/21,0400 UTC,,,,,,,,,,,,,,,,,,
2024/02/21,0500 UTC,,,,,,,,,,,,,,,,,,
2024/02/21,0600 UTC,,,,,,,,,,,,,,,,,,
2024/02/21,0700 UTC,,,,,,,,,,,,,,,,,,
2024/02/21,0800 UTC,,,,,,,,,,,,,,,,,,
2024/02/21,0900 UTC,,,,,,,,,,,,,,,,,,
2024/02/21,1000 UTC,,,,,,,,,,,,,,,,,,
2024/02/21,1100 UTC,,,,,,,,,,,,,,,,,,
2024/02/21,1200 UTC,,,,,,,,,,,,,,,,,,
2024/02/21,1300 UTC,,,,,,,,,,,,,,,,,,
2024/02/21,1400 UTC,,,,,,,,,,,,,,,,,,
2024/02/21,1500 UTC,,,,,,,,,,,,,,,,,,
2024/02/21,1600 UTC,,,,,,,,,,,,,,,,,,
2024/02/21,1700 UTC,,,,,,,,,,,,,,,,,,
2024/02/21,1800 UTC,,,,,,,,,,,,,,,,,,
2024/02/21,1900 UTC,,,,,,,,,,,,,,,,,,
2024/02/21,2000 UTC,,,,,,,,,,,,,,,,,,
2024/02/21,2100 UTC,,,,,,,,,,,,,,,,,,
2024/02/21,2200 UTC,,,,,,,,,,,,,,,,,,
2024/02/21,2300 UTC,,,,,,,,,,,,,,,,,,
2024/02/22,0000 UTC,,,,,,,,,,,,,,,,,,
2024/02/22,0100 UTC,,,,,,,,,,,,,,,,,,
2024/02/22,0200 UTC,,,,,,,,,,,,,,,,,,
2024/02/22,0300 UTC,,,,,,,,,,,,,,,,,,
2024/02/22,0400 UTC,,,,,,,,,,,,,,,,,,
2024/02/22,0500 UTC,,,,,,,,,,,,,,,,,,
2024/02/22,0600 UTC,,,,,,,,,,,,,,,,,,
2024/02/22,0700 UTC,,,,,,,,,,,,,,,,,,
2024/02/22,0800 UTC,,,,,,,,,,,,,,,,,,
2024/02/22,0900 UTC,,,,,,,,,,,,,,,,,,
2024/02/22,1000 UTC,,,,,,,,,,,,,,,,,,
2024/02/22,1100 UTC,,,,,,,,,,,,,,,,,,
2024/02/22,1200 UTC,,,,,,,,,,,,,,,,,,
2024/02/22,1300 UTC,,,,,,,,,,,,,,,,,,
2024/02/22,1400 UTC,,,,,,,,,,,,,,,,,,
2024/02/22,1500 UTC,,,,,,,,,,,,,,,,,,
2024/02/22,1600 UTC,,,,,,,,,,,,,,,,,,
2024/02/22,1700 UTC,,,,,,,,,,,,,,,,,,
2024/02/22,1800 UTC,,,,,,,,,,,,,,,,,,
2024/02/22,1900 UTC,,,,,,,,,,,,,,,,,,
2024/02/22,2000 UTC,,,,,,,,,,,,,,,,,,
2024/02/22,2100 UTC,,,,,,,,,,,,,,,,,,
2024/02/22,2200 UTC,,,,,,,,,,,,,,,,,,
2024/02/22,2300 UTC,,,,,,,,,,,,,,,,,,
2024/02/23,0000 UTC,,,,,,,,,,,,,,,,,,
2024/02/23,0100 UTC,,,,,,,,,,,,,,,,,,
2024/02/23,0200 UTC,,,,,,,,,,,,,,,,,,
2024/02/23,0300 UTC,,,,,,,,,,,,,,,,,,
2024/02/23,0400 UTC,,,,,,,,,,,,,,,,,,
2024/02/23,0500 UTC,,,,,,,,,,,,,,,,,,
2024/02/23,0600 UTC,,,,,,,,,,,,,,,,,,
2024/02/23,0700 UTC,,,,,,,,,,,,,,,,,,
2024/02/23,0800 UTC,,,,,,,,,,,,,,,,,,
2024/02/23,0900 UTC,,,,,,,,,,,,,,,,,,
2024/02/23,1000 UTC,,,,,,,,,,,,,,,,,,
2024/02/23,1100 UTC,,,,,,,,,,,,,,,,,,
2024/02/23,1200 UTC,,,,,,,,,,,,,,,,,,
2024/02/23,1300 UTC,,,,,,,,,,,,,,,,,,
2024/02/23,1400 UTC,,,,,,,,,,,,,,,,,,
2024/02/23,1500 UTC,,,,,,,,,,,,,,,,,,
2024/02/23,1600 UTC,,,,,,,,,,,,,,,,,,
2024/02/23,1700 UTC,,,,,,,,,,,,,,,,,,
2024/02/23,1800 UTC,,,,,,,,,,,,,,,,,,
2024/02/23,1900 UTC,,,,,,,,,,,,,,,,,,
2024/02/23,2000 UTC,,,,,,,,,,,,,,,,,,
2024/02/23,2100 UTC,,,,,,,,,,,,,,,,,,
2024/02/23,2200 UTC,,,,,,,,,,,,,,,,,,
2024/02/23,2300 UTC,,,,,,,,,,,,,,,,,,
2024/02/24,0000 UTC,,,,,,,,,,,,,,,,,,
2024/02/24,0100 UTC,,,,,,,,,,,,,,,,,,
2024/02/24,0200 UTC,,,,,,,,,,,,,,,,,,
2024/02/24,0300 UTC,,,,,,,,,,,,,,,,,,
2024/02/24,0400 UTC,,,,,,,,,,,,,,,,,,
2024/02/24,0500 UTC,,,,,,,,,,,,,,,,,,
2024/02/24,0600 UTC,,,,,,,,,,,,,,,,,,
2024/02/24,0700 UTC,,,,,,,,,,,,,,,,,,
2024/02/24,0800 UTC,,,,,,,,,,,,,,,,,,
2024/02/24,0900 UTC,,,,,,,,,,,,,,,,,,
2024/02/24,1000 UTC,,,,,,,,,,,,,,,,,,
2024/02/24,1100 UTC,,,,,,,,,,,,,,,,,,
2024/02/24,1200 UTC,,,,,,,,,,,,,,,,,,
2024/02/24,1300 UTC,,,,,,,,,,,,,,,,,,
2024/02/24,1400 UTC,,,,,,,,,,,,,,,,,,
2024/02/24,1500 UTC,,,,,,,,,,,,,,,,,,
2024/02/24,1600 UTC,,,,,,,,,,,,,,,,,,
2024/02/24,1700 UTC,,,,,,,,,,,,,,,,,,
2024/02/24,1800 UTC,,,,,,,,,,,,,,,,,,
2024/02/24,1900 UTC,,,,,,,,,,,,,,,,,,
2024/02/24,2000 UTC,,,,,,,,,,,,,,,,,,
2024/02/24,2100 UTC,,,,,,,,,,,,,,,,,,
2024/02/24,2200 UTC,,,,,,,,,,,,,,,,,,
2024/02/24,2300 UTC,,,,,,,,,,,,,,,,,,
2024/02/25,0000 UTC,,,,,,,,,,,,,,,,,,
2024/02/25,0100 UTC,,,,,,,,,,,,,,,,,,
2024/02/25,0200 UTC,,,,,,,,,,,,,,,,,,
2024/02/25,0300 UTC,,,,,,,,,,,,,,,,,,
2024/02/25,0400 UTC,,,,,,,,,,,,,,,,,,
2024/02/25,0500 UTC,,,,,,,,,,,,,,,,,,
2024/02/25,0600 UTC,,,,,,,,,,,,,,,,,,
2024/02/25,0700 UTC,,,,,,,,,,,,,,,,,,
2024/02/25,0800 UTC,,,,,,,,,,,,,,,,,,
2024/02/25,0900 UTC,,,,,,,,,,,,,,,,,,
2024/02/25,1000 UTC,,,,,,,,,,,,,,,,,,
2024/02/25,1100 UTC,,,,,,,,,,,,,,,,,,
2024/02/25,1200 UTC,,,,,,,,,,,,,,,,,,
2024/02/25,1300 UTC,,,,,,,,,,,,,,,,,,
2024/02/25,1400 UTC,,,,,,,,,,,,,,,,,,
2024/02/25,1500 UTC,,,,,,,,,,,,,,,,,,
2024/02/25,1600 UTC,,,,,,,,,,,,,,,,,,
2024/02/25,1700 UTC,,,,,,,,,,,,,,,,,,
2024/02/25,1800 UTC,,,,,,,,,,,,,,,,,,
2024/02/25,1900 UTC,,,,,,,,,,,,,,,,,,
2024/02/25,2000 UTC,,,,,,,,,,,,,,,,,,
2024/02/25,2100 UTC,,,,,,,,,,,,,,,,,,
2024/02/25,2200 UTC,,,,,,,,,,,,,,,,,,
2024/02/25,2300 UTC,,,,,,,,,,,,,,,,,,
2024/02/26,0000 UTC,,,,,,,,,,,,,,,,,,
2024/02/26,0100 UTC,,,,,,,,,,,,,,,,,,
2024/02/26,0200 UTC,,,,,,,,,,,,,,,,,,
2024/02/26,0300 UTC,,,,,,,,,,,,,,,,,,
2024/02/26,0400 UTC,,,,,,,,,,,,,,,,,,
2024/02/26,0500 UTC,,,,,,,,,,,,,,,,,,
2024/02/26,0600 UTC,,,,,,,,,,,,,,,,,,
2024/02/26,0700 UTC,,,,,,,,,,,,,,,,,,
2024/02/26,0800 UTC,,,,,,,,,,,,,,,,,,
2024/02/26,0900 UTC,,,,,,,,,,,,,,,,,,
2024/02/26,1000 UTC,,,,,,,,,,,,,,,,,,
2024/02/26,1100 UTC,,,,,,,,,,,,,,,,,,
2024/02/26,1200 UTC,,,,,,,,,,,,,,,,,,
2024/02/26,1300 UTC,,,,,,,,,,,,,,,,,,
2024/02/26,1400 UTC,,,,,,,,,,,,,,,,,,
2024/02/26,1500 UTC,,,,,,,,,,,,,,,,,,
2024/02/26,1600 UTC,,,,,,,,,,,,,,,,,,
2024/02/26,1700 UTC,,,,,,,,,,,,,,,,,,
2024/02/26,1800 UTC,,,,,,,,,,,,,,,,,,
2024/02/26,1900 UTC,,,,,,,,,,,,,,,,,,
2024/02/26,2000 UTC,,,,,,,,,,,,,,,,,,
2024/02/26,2100 UTC,,,,,,,,,,,,,,,,,,
2024/02/26,2200 UTC,,,,,,,,,,,,,,,,,,
2024/02/26,2300 UTC,,,,,,,,,,,,,,,,,,
2024/02/27,0000 UTC,,,,,,,,,,,,,,,,,,
2024/02/27,0100 UTC,,,,,,,,,,,,,,,,,,
2024/02/27,0200 UTC,,,,,,,,,,,,,,,,,,
2024/02/27,0300 UTC,,,,,,,,,,,,,,,,,,
2024/02/27,0400 UTC,,,,,,,,,,,,,,,,,,
2024/02/27,0500 UTC,,,,,,,,,,,,,,,,,,
2024/02/27,0600 UTC,,,,,,,,,,,,,,,,,,
2024/02/27,0700 UTC,,,,,,,,,,,,,,,,,,
2024/02/27,0800 UTC,,,,,,,,,,,,,,,,,,
2024/02/27,0900 UTC,,,,,,,,,,,,,,,,,,
2024/02/27,1000 UTC,,,,,,,,,,,,,,,,,,
2024/02/27,1100 UTC,,,,,,,,,,,,,,,,,,
2024/02/27,1200 UTC,,,,,,,,,,,,,,,,,,
2024/02/27,1300 UTC,,,,,,,,,,,,,,,,,,
2024/02/27,1400 UTC,,,,,,,,,,,,,,,,,,
2024/02/27,1500 UTC,,,,,,,,,,,,,,,,,,
2024/02/27,1600 UTC,,,,,,,,,,,,,,,,,,
2024/02/27,1700 UTC,,,,,,,,,,,,,,,,,,
2024/02/27,1800 UTC,,,,,,,,,,,,,,,,,,
2024/02/27,1900 UTC,,,,,,,,,,,,,,,,,,
2024/02/27,2000 UTC,,,,,,,,,,,,,,,,,,
2024/02/27,2100 UTC,,,,,,,,,,,,,,,,,,
2024/02/27,2200 UTC,,,,,,,,,,,,,,,,,,
2024/02/27,2300 UTC,,,,,,,,,,,,,,,,,,
2024/02/28,0000 UTC,,,,,,,,,,,,,,,,,,
2024/02/28,0100 UTC,,,,,,,,,,,,,,,,,,
2024/02/28,0200 UTC,,,,,,,,,,,,,,,,,,
2024/02/28,0300 UTC,,,,,,,,,,,,,,,,,,
2024/02/28,0400 UTC,,,,,,,,,,,,,,,,,,
2024/02/28,0500 UTC,,,,,,,,,,,,,,,,,,
2024/02/28,0600 UTC,,,,,,,,,,,,,,,,,,
2024/02/28,0700 UTC,,,,,,,,,,,,,,,,,,
2024/02/28,0800 UTC,,,,,,,,,,,,,,,,,,
2024/02/28,0900 UTC,,,,,,,,,,,,,,,,,,
2024/02/28,1000 UTC,,,,,,,,,,,,,,,,,,
2024/02/28,1100 UTC,,,,,,,,,,,,,,,,,,
2024/02/28,1200 UTC,,,,,,,,,,,,,,,,,,
2024/02/28,1300 UTC,,,,,,,,,,,,,,,,,,
2024/02/28,1400 UTC,,,,,,,,,,,,,,,,,,
2024/02/28,1500 UTC,,,,,,,,,,,,,,,,,,
2024/02/28,1600 UTC,,,,,,,,,,,,,,,,,,
2024/02/28,1700 UTC,,,,,,,,,,,,,,,,,,
2024/02/28,1800 UTC,,,,,,,,,,,,,,,,,,
2024/02/28,1900 UTC,,,,,,,,,,,,,,,,,,
2024/02/28,2000 UTC,,,,,,,,,,,,,,,,,,
2024/02/28,2100 UTC,,,,,,,,,,,,,,,,,,
2024/02/28,2200 UTC,,,,,,,,,,,,,,,,,,
2024/02/28,2300 UTC,,,,,,,,,,,,,,,,,,
2024/02/29,0000 UTC,,,,,,,,,,,,,,,,,,
2024/02/29,0100 UTC,,,,,,,,,,,,,,,,,,
2024/02/29,0200 UTC,,,,,,,,,,,,,,,,,,
2024/02/29,0300 UTC,,,,,,,,,,,,,,,,,,
2024/02/29,0400 UTC,,,,,,,,,,,,,,,,,,
2024/02/29,0500 UTC,,,,,,,,,,,,,,,,,,
2024/02/29,0600 UTC,,,,,,,,,,,,,,,,,,
2024/02/29,0700 UTC,,,,,,,,,,,,,,,,,,
2024/02/29,0800 UTC,,,,,,,,,,,,,,,,,,
2024/02/29,0900 UTC,,,,,,,,,,,,,,,,,,
2024/02/29,1000 UTC,,,,,,,,,,,,,,,,,,
2024/02/29,1100 UTC,,,,,,,,,,,,,,,,,,
2024/02/29,1200 UTC,,,,,,,,,,,,,,,,,,
2024/02/29,1300 UTC,,,,,,,,,,,,,,,,,,
2024/02/29,1400 UTC,,,,,,,,,,,,,,,,,,
2024/02/29,1500 UTC,,,,,,,,,,,,,,,,,,
2024/02/29,1600 UTC,,,,,,,,,,,,,,,,,,
2024/02/29,1700 UTC,,,,,,,,,,,,,,,,,,
2024/02/29,1800 UTC,,,,,,,,,,,,,,,,,,
2024/02/29,1900 UTC,,,,,,,,,,,,,,,,,,
2024/02/29,2000 UTC,,,,,,,,,,,,,,,,,,
2024/02/29,2100 UTC,,,,,,,,,,,,,,,,,,
2024/02/29,2200 UTC,,,,,,,,,,,,,,,,,,
2024/02/29,2300 UTC,,,,,,,,,,,,,,,,,,
2024/03/01,0000 UTC,,,,,,,,,,,,,,,,,,
2024/03/01,0100 UTC,,,,,,,,,,,,,,,,,,
2024/03/01,0200 UTC,,,,,,,,,,,,,,,,,,
2024/03/01,0300 UTC,,,,,,,,,,,,,,,,,,
2024/03/01,0400 UTC,,,,,,,,,,,,,,,,,,
2024/03/01,0500 UTC,,,,,,,,,,,,,,,,,,
2024/03/01,0600 UTC,,,,,,,,,,,,,,,,,,
2024/03/01,0700 UTC,,,,,,,,,,,,,,,,,,
2024/03/01,0800 UTC,,,,,,,,,,,,,,,,,,
2024/03/01,0900 UTC,,,,,,,,,,,,,,,,,,
2024/03/01,1000 UTC,,,,,,,,,,,,,,,,,,
2024/03/01,1100 UTC,,,,,,,,,,,,,,,,,,
2024/03/01,1200 UTC,,,,,,,,,,,,,,,,,,
2024/03/01,1300 UTC,,,,,,,,,,,,,,,,,,
2024/03/01,1400 UTC,,,,,,,,,,,,,,,,,,
2024/03/01,1500 UTC,,,,,,,,,,,,,,,,,,
2024/03/01,1600 UTC,,,,,,,,,,,,,,,,,,
2024/03/01,1700 UTC,,,,,,,,,,,,,,,,,,
2024/03/01,1800 UTC,,,,,,,,,,,,,,,,,,
2024/03/01,1900 UTC,,,,,,,,,,,,,,,,,,
2024/03/01,2000 UTC,,,,,,,,,,,,,,,,,,
2024/03/01,2100 UTC,,,,,,,,,,,,,,,,,,
2024/03/01,2200 UTC,,,,,,,,,,,,,,,,,,
2024/03/01,2300 UTC,,,,,,,,,,,,,,,,,,
2024/03/02,0000 UTC,,,,,,,,,,,,,,,,,,
2024/03/02,0100 UTC,,,,,,,,,,,,,,,,,,
2024/03/02,0200 UTC,,,,,,,,,,,,,,,,,,
2024/03/02,0300 UTC,,,,,,,,,,,,,,,,,,
2024/03/02,0400 UTC,,,,,,,,,,,,,,,,,,
2024/03/02,0500 UTC,,,,,,,,,,,,,,,,,,
2024/03/02,0600 UTC,,,,,,,,,,,,,,,,,,
2024/03/02,0700 UTC,,,,,,,,,,,,,,,,,,
2024/03/02,0800 UTC,,,,,,,,,,,,,,,,,,
2024/03/02,0900 UTC,,,,,,,,,,,,,,,,,,
2024/03/02,1000 UTC,,,,,,,,,,,,,,,,,,
2024/03/02,1100 UTC,,,,,,,,,,,,,,,,,,
2024/03/02,1200 UTC,,,,,,,,,,,,,,,,,,
2024/03/02,1300 UTC,,,,,,,,,,,,,,,,,,
2024/03/02,1400 UTC,,,,,,,,,,,,,,,,,,
2024/03/02,1500 UTC,,,,,,,,,,,,,,,,,,
2024/03/02,1600 UTC,,,,,,,,,,,,,,,,,,
2024/03/02,1700 UTC,,,,,,,,,,,,,,,,,,
2024/03/02,1800 UTC,,,,,,,,,,,,,,,,,,
2024/03/02,1900 UTC,,,,,,,,,,,,,,,,,,
2024/03/02,2000 UTC,,,,,,,,,,,,,,,,,,
2024/03/02,2100 UTC,,,,,,,,,,,,,,,,,,
2024/03/02,2200 UTC,,,,,,,,,,,,,,,,,,
2024/03/02,2300 UTC,,,,,,,,,,,,,,,,,,
2024/03/03,0000 UTC,,,,,,,,,,,,,,,,,,
2024/03/03,0100 UTC,,,,,,,,,,,,,,,,,,
2024/03/03,0200 UTC,,,,,,,,,,,,,,,,,,
2024/03/03,0300 UTC,,,,,,,,,,,,,,,,,,
2024/03/03,0400 UTC,,,,,,,,,,,,,,,,,,
2024/03/03,0500 UTC,,,,,,,,,,,,,,,,,,
2024/03/03,0600 UTC,,,,,,,,,,,,,,,,,,
2024/03/03,0700 UTC,,,,,,,,,,,,,,,,,,
2024/03/03,0800 UTC,,,,,,,,,,,,,,,,,,
2024/03/03,0900 UTC,,,,,,,,,,,,,,,,,,
2024/03/03,1000 UTC,,,,,,,,,,,,,,,,,,
2024/03/03,1100 UTC,,,,,,,,,,,,,,,,,,
2024/03/03,1200 UTC,,,,,,,,,,,,,,,,,,
2024/03/03,1300 UTC,,,,,,,,,,,,,,,,,,
2024/03/03,1400 UTC,,,,,,,,,,,,,,,,,,
2024/03/03,1500 UTC,,,,,,,,,,,,,,,,,,
2024/03/03,1600 UTC,,,,,,,,,,,,,,,,,,
2024/03/03,1700 UTC,,,,,,,,,,,,,,,,,,
2024/03/03,1800 UTC,,,,,,,,,,,,,,,,,,
2024/03/03,1900 UTC,,,,,,,,,,,,,,,,,,
2024/03/03,2000 UTC,,,,,,,,,,,,,,,,,,
2024/03/03,2100 UTC,,,,,,,,,,,,,,,,,,
2024/03/03,2200 UTC,,,,,,,,,,,,,,,,,,
2024/03/03,2300 UTC,,,,,,,,,,,,,,,,,,
2024/03/04,0000 UTC,,,,,,,,,,,,,,,,,,
2024/03/04,0100 UTC,,,,,,,,,,,,,,,,,,
2024/03/04,0200 UTC,,,,,,,,,,,,,,,,,,
2024/03/04,0300 UTC,,,,,,,,,,,,,,,,,,
2024/03/04,0400 UTC,,,,,,,,,,,,,,,,,,
2024/03/04,0500 UTC,,,,,,,,,,,,,,,,,,
2024/03/04,0600 UTC,,,,,,,,,,,,,,,,,,
2024/03/04,0700 UTC,,,,,,,,,,,,,,,,,,
2024/03/04,0800 UTC,,,,,,,,,,,,,,,,,,
2024/03/04,0900 UTC,,,,,,,,,,,,,,,,,,
2024/03/04,1000 UTC,,,,,,,,,,,,,,,,,,
2024/03/04,1100 UTC,,,,,,,,,,,,,,,,,,
2024/03/04,1200 UTC,,,,,,,,,,,,,,,,,,
2024/03/04,1300 UTC,,,,,,,,,,,,,,,,,,
2024/03/04,1400 UTC,,,,,,,,,,,,,,,,,,
2024/03/04,1500 UTC,,,,,,,,,,,,,,,,,,
2024/03/04,1600 UTC,,,,,,,,,,,,,,,,,,
2024/03/04,1700 UTC,,,,,,,,,,,,,,,,,,
2024/03/04,1800 UTC,,,,,,,,,,,,,,,,,,
2024/03/04,1900 UTC,,,,,,,,,,,,,,,,,,
2024/03/04,2000 UTC,,,,,,,,,,,,,,,,,,
2024/03/04,2100 UTC,,,,,,,,,,,,,,,,,,
2024/03/04,2200 UTC,,,,,,,,,,,,,,,,,,
2024/03/04,2300 UTC,,,,,,,,,,,,,,,,,,
2024/03/05,0000 UTC,,,,,,,,,,,,,,,,,,
2024/03/05,0100 UTC,,,,,,,,,,,,,,,,,,
2024/03/05,0200 UTC,,,,,,,,,,,,,,,,,,
2024/03/05,0300 UTC,,,,,,,,,,,,,,,,,,
2024/03/05,0400 UTC,,,,,,,,,,,,,,,,,,
2024/03/05,0500 UTC,,,,,,,,,,,,,,,,,,
2024/03/05,0600 UTC,,,,,,,,,,,,,,,,,,
2024/03/05,0700 UTC,,,,,,,,,,,,,,,,,,
2024/03/05,0800 UTC,,,,,,,,,,,,,,,,,,
2024/03/05,0900 UTC,,,,,,,,,,,,,,,,,,
2024/03/05,1000 UTC,,,,,,,,,,,,,,,,,,
2024/03/05,1100 UTC,,,,,,,,,,,,,,,,,,
2024/03/05,1200 UTC,,,,,,,,,,,,,,,,,,
2024/03/05,1300 UTC,,,,,,,,,,,,,,,,,,
2024/03/05,1400 UTC,,,,,,,,,,,,,,,,,,
2024/03/05,1500 UTC,,,,,,,,,,,,,,,,,,
2024/03/05,1600 UTC,,,,,,,,,,,,,,,,,,
2024/03/05,1700 UTC,,,,,,,,,,,,,,,,,,
2024/03/05,1800 UTC,,,,,,,,,,,,,,,,,,
2024/03/05,1900 UTC,,,,,,,,,,,,,,,,,,
2024/03/05,2000 UTC,,,,,,,,,,,,,,,,,,
2024/03/05,2100 UTC,,,,,,,,,,,,,,,,,,
2024/03/05,2200 UTC,,,,,,,,,,,,,,,,,,
2024/03/05,2300 UTC,,,,,,,,,,,,,,,,,,
2024/03/06,0000 UTC,,,,,,,,,,,,,,,,,,
2024/03/06,0100 UTC,,,,,,,,,,,,,,,,,,
2024/03/06,0200 UTC,,,,,,,,,,,,,,,,,,
2024/03/06,0300 UTC,,,,,,,,,,,,,,,,,,
2024/03/06,0400 UTC,,,,,,,,,,,,,,,,,,
2024/03/06,0500 UTC,,,,,,,,,,,,,,,,,,
2024/03/06,0600 UTC,,,,,,,,,,,,,,,,,,
2024/03/06,0700 UTC,,,,,,,,,,,,,,,,,,
2024/03/06,0800 UTC,,,,,,,,,,,,,,,,,,
2024/03/06,0900 UTC,,,,,,,,,,,,,,,,,,
2024/03/06,1000 UTC,,,,,,,,,,,,,,,,,,
2024/03/06,1100 UTC,,,,,,,,,,,,,,,,,,
2024/03/06,1200 UTC,,,,,,,,,,,,,,,,,,
2024/03/06,1300 UTC,,,,,,,,,,,,,,,,,,
2024/03/06,1400 UTC,,,,,,,,,,,,,,,,,,
2024/03/06,1500 UTC,,,,,,,,,,,,,,,,,,
2024/03/06,1600 UTC,,,,,,,,,,,,,,,,,,
2024/03/06,1700 UTC,,,,,,,,,,,,,,,,,,
2024/03/06,1800 UTC,,,,,,,,,,,,,,,,,,
2024/03/06,1900 UTC,,,,,,,,,,,,,,,,,,
2024/03/06,2000 UTC,,,,,,,,,,,,,,,,,,
2024/03/06,2100 UTC,,,,,,,,,,,,,,,,,,
2024/03/06,2200 UTC,,,,,,,,,,,,,,,,,,
2024/03/06,2300 UTC,,,,,,,,,,,,,,,,,,
2024/03/07,0000 UTC,,,,,,,,,,,,,,,,,,
2024/03/07,0100 UTC,,,,,,,,,,,,,,,,,,
2024/03/07,0200 UTC,,,,,,,,,,,,,,,,,,
2024/03/07,0300 UTC,,,,,,,,,,,,,,,,,,
2024/03/07,0400 UTC,,,,,,,,,,,,,,,,,,
2024/03/07,0500 UTC,,,,,,,,,,,,,,,,,,
2024/03/07,0600 UTC,,,,,,,,,,,,,,,,,,
2024/03/07,0700 UTC,,,,,,,,,,,,,,,,,,
2024/03/07,0800 UTC,,,,,,,,,,,,,,,,,,
2024/03/07,0900 UTC,,,,,,,,,,,,,,,,,,
2024/03/07,1000 UTC,,,,,,,,,,,,,,,,,,
2024/03/07,1100 UTC,,,,,,,,,,,,,,,,,,
2024/03/07,1200 UTC,,,,,,,,,,,,,,,,,,
2024/03/07,1300 UTC,,,,,,,,,,,,,,,,,,
2024/03/07,1400 UTC,,,,,,,,,,,,,,,,,,
2024/03/07,1500 UTC,,,,,,,,,,,,,,,,,,
2024/03/07,1600 UTC,,,,,,,,,,,,,,,,,,
2024/03/07,1700 UTC,,,,,,,,,,,,,,,,,,
2024/03/07,1800 UTC,,,,,,,,,,,,,,,,,,
2024/03/07,1900 UTC,,,,,,,,,,,,,,,,,,
2024/03/07,2000 UTC,,,,,,,,,,,,,,,,,,
2024/03/07,2100 UTC,,,,,,,,,,,,,,,,,,
2024/03/07,2200 UTC,,,,,,,,,,,,,,,,,,
2024/03/07,2300 UTC,,,,,,,,,,,,,,,,,,
2024/03/08,0000 UTC,,,,,,,,,,,,,,,,,,
2024/03/08,0100 UTC,,,,,,,,,,,,,,,,,,
2024/03/08,0200 UTC,,,,,,,,,,,,,,,,,,
2024/03/08,0300 UTC,,,,,,,,,,,,,,,,,,
2024/03/08,0400 UTC,,,,,,,,,,,,,,,,,,
2024/03/08,0500 UTC,,,,,,,,,,,,,,,,,,
2024/03/08,0600 UTC,,,,,,,,,,,,,,,,,,
2024/03/08,0700 UTC,,,,,,,,,,,,,,,,,,
2024/03/08,0800 UTC,,,,,,,,,,,,,,,,,,
2024/03/08,0900 UTC,,,,,,,,,,,,,,,,,,
2024/03/08,1000 UTC,,,,,,,,,,,,,,,,,,
2024/03/08,1100 UTC,,,,,,,,,,,,,,,,,,
2024/03/08,1200 UTC,,,,,,,,,,,,,,,,,,
2024/03/08,1300 UTC,,,,,,,,,,,,,,,,,,
2024/03/08,1400 UTC,,,,,,,,,,,,,,,,,,
2024/03/08,1500 UTC,,,,,,,,,,,,,,,,,,
2024/03/08,1600 UTC,,,,,,,,,,,,,,,,,,
2024/03/08,1700 UTC,,,,,,,,,,,,,,,,,,
2024/03/08,1800 UTC,,,,,,,,,,,,,,,,,,
2024/03/08,1900 UTC,,,,,,,,,,,,,,,,,,
2024/03/08,2000 UTC,,,,,,,,,,,,,,,,,,
2024/03/08,2100 UTC,,,,,,,,,,,,,,,,,,
2024/03/08,2200 UTC,,,,,,,,,,,,,,,,,,
2024/03/08,2300 UTC,,,,,,,,,,,,,,,,,,
2024/03/09,0000 UTC,,,,,,,,,,,,,,,,,,
2024/03/09,0100 UTC,,,,,,,,,,,,,,,,,,
2024/03/09,0200 UTC,,,,,,,,,,,,,,,,,,
2024/03/09,0300 UTC,,,,,,,,,,,,,,,,,,
2024/03/09,0400 UTC,,,,,,,,,,,,,,,,,,
2024/03/09,0500 UTC,,,,,,,,,,,,,,,,,,
2024/03/09,0600 UTC,,,,,,,,,,,,,,,,,,
2024/03/09,0700 UTC,,,,,,,,,,,,,,,,,,
2024/03/09,0800 UTC,,,,,,,,,,,,,,,,,,
2024/03/09,0900 UTC,,,,,,,,,,,,,,,,,,
2024/03/09,1000 UTC,,,,,,,,,,,,,,,,,,
2024/03/09,1100 UTC,,,,,,,,,,,,,,,,,,
2024/03/09,1200 UTC,,,,,,,,,,,,,,,,,,
2024/03/09,1300 UTC,,,,,,,,,,,,,,,,,,
2024/03/09,1400 UTC,,,,,,,,,,,,,,,,,,
2024/03/09,1500 UTC,,,,,,,,,,,,,,,,,,
2024/03/09,1600 UTC,,,,,,,,,,,,,,,,,,
2024/03/09,1700 UTC,,,,,,,,,,,,,,,,,,
2024/03/09,1800 UTC,,,,,,,,,,,,,,,,,,
2024/03/09,1900 UTC,,,,,,,,,,,,,,,,,,
2024/03/09,2000 UTC,,,,,,,,,,,,,,,,,,
2024/03/09,2100 UTC,,,,,,,,,,,,,,,,,,
2024/03/09,2200 UTC,,,,,,,,,,,,,,,,,,
2024/03/09,2300 UTC,,,,,,,,,,,,,,,,,,
2024/03/10,0000 UTC,,,,,,,,,,,,,,,,,,
2024/03/10,0100 UTC,,,,,,,,,,,,,,,,,,
2024/03/10,0200 UTC,,,,,,,,,,,,,,,,,,
2024/03/10,0300 UTC,,,,,,,,,,,,,,,,,,
2024/03/10,0400 UTC,,,,,,,,,,,,,,,,,,
2024/03/10,0500 UTC,,,,,,,,,,,,,,,,,,
2024/03/10,0600 UTC,,,,,,,,,,,,,,,,,,
2024/03/10,0700 UTC,,,,,,,,,,,,,,,,,,
2024/03/10,0800 UTC,,,,,,,,,,,,,,,,,,
2024/03/10,0900 UTC,,,,,,,,,,,,,,,,,,
2024/03/10,1000 UTC,,,,,,,,,,,,,,,,,,
2024/03/10,1100 UTC,,,,,,,,,,,,,,,,,,
2024/03/10,1200 UTC,,,,,,,,,,,,,,,,,,
2024/03/10,1300 UTC,,,,,,,,,,,,,,,,,,
2024/03/10,1400 UTC,,,,,,,,,,,,,,,,,,
2024/03/10,1500 UTC,,,,,,,,,,,,,,,,,,
2024/03/10,1600 UTC,,,,,,,,,,,,,,,,,,
2024/03/10,1700 UTC,,,,,,,,,,,,,,,,,,
2024/03/10,1800 UTC,,,,,,,,,,,,,,,,,,
2024/03/10,1900 UTC,,,,,,,,,,,,,,,,,,
2024/03/10,2000 UTC,,,,,,,,,,,,,,,,,,
2024/03/10,2100 UTC,,,,,,,,,,,,,,,,,,
2024/03/10,2200 UTC,,,,,,,,,,,,,,,,,,
2024/03/10,2300 UTC,,,,,,,,,,,,,,,,,,
2024/03/11,0000 UTC,,,,,,,,,,,,,,,,,,
2024/03/11,0100 UTC,,,,,,,,,,,,,,,,,,
2024/03/11,0200 UTC,,,,,,,,,,,,,,,,,,
2024/03/11,0300 UTC,,,,,,,,,,,,,,,,,,
2024/03/11,0400 UTC,,,,,,,,,,,,,,,,,,
2024/03/11,0500 UTC,,,,,,,,,,,,,,,,,,
2024/03/11,0600 UTC,,,,,,,,,,,,,,,,,,
2024/03/11,0700 UTC,,,,,,,,,,,,,,,,,,
2024/03/11,0800 UTC,,,,,,,,,,,,,,,,,,
2024/03/11,0900 UTC,,,,,,,,,,,,,,,,,,
2024/03/11,1000 UTC,,,,,,,,,,,,,,,,,,
2024/03/11,1100 UTC,,,,,,,,,,,,,,,,,,
2024/03/11,1200 UTC,,,,,,,,,,,,,,,,,,
2024/03/11,1300 UTC,,,,,,,,,,,,,,,,,,
2024/03/11,1400 UTC,,,,,,,,,,,,,,,,,,
2024/03/11,1500 UTC,,,,,,,,,,,,,,,,,,
2024/03/11,1600 UTC,,,,,,,,,,,,,,,,,,
2024/03/11,1700 UTC,,,,,,,,,,,,,,,,,,
2024/03/11,1800 UTC,,,,,,,,,,,,,,,,,,
2024/03/11,1900 UTC,,,,,,,,,,,,,,,,,,
2024/03/11,2000 UTC,,,,,,,,,,,,,,,,,,
2024/03/11,2100 UTC,,,,,,,,,,,,,,,,,,
2024/03/11,2200 UTC,,,,,,,,,,,,,,,,,,
2024/03/11,2300 UTC,,,,,,,,,,,,,,,,,,
2024/03/12,0000 UTC,,,,,,,,,,,,,,,,,,
2024/03/12,0100 UTC,,,,,,,,,,,,,,,,,,
2024/03/12,0200 UTC,,,,,,,,,,,,,,,,,,
2024/03/12,0300 UTC,,,,,,,,,,,,,,,,,,
2024/03/12,0400 UTC,,,,,,,,,,,,,,,,,,
2024/03/12,0500 UTC,,,,,,,,,,,,,,,,,,
2024/03/12,0600 UTC,,,,,,,,,,,,,,,,,,
2024/03/12,0700 UTC,,,,,,,,,,,,,,,,,,
2024/03/12,0800 UTC,,,,,,,,,,,,,,,,,,
2024/03/12,0900 UTC,,,,,,,,,,,,,,,,,,
2024/03/12,1000 UTC,,,,,,,,,,,,,,,,,,
2024/03/12,1100 UTC,,,,,,,,,,,,,,,,,,
2024/03/12,1200 UTC,,,,,,,,,,,,,,,,,,
2024/03/12,1300 UTC,,,,,,,,,,,,,,,,,,
2024/03/12,1400 UTC,,,,,,,,,,,,,,,,,,
2024/03/12,1500 UTC,,,,,,,,,,,,,,,,,,
2024/03/12,1600 UTC,,,,,,,,,,,,,,,,,,
2024/03/12,1700 UTC,,,,,,,,,,,,,,,,,,
2024/03/12,1800 UTC,,,,,,,,,,,,,,,,,,
2024/03/12,1900 UTC,,,,,,,,,,,,,,,,,,
2024/03/12,2000 UTC,,,,,,,,,,,,,,,,,,
2024/03/12,2100 UTC,,,,,,,,,,,,,,,,,,
2024/03/12,2200 UTC,,,,,,,,,,,,,,,,,,
2024/03/12,2300 UTC,,,,,,,,,,,,,,,,,,
2024/03/13,0000 UTC,,,,,,,,,,,,,,,,,,
2024/03/13,0100 UTC,,,,,,,,,,,,,,,,,,
2024/03/13,0200 UTC,,,,,,,,,,,,,,,,,,
2024/03/13,0300 UTC,,,,,,,,,,,,,,,,,,
2024/03/13,0400 UTC,,,,,,,,,,,,,,,,,,
2024/03/13,0500 UTC,,,,,,,,,,,,,,,,,,
2024/03/13,0600 UTC,,,,,,,,,,,,,,,,,,
2024/03/13,0700 UTC,,,,,,,,,,,,,,,,,,
2024/03/13,0800 UTC,,,,,,,,,,,,,,,,,,
2024/03/13,0900 UTC,,,,,,,,,,,,,,,,,,
2024/03/13,1000 UTC,,,,,,,,,,,,,,,,,,
2024/03/13,1100 UTC,,,,,,,,,,,,,,,,,,
2024/03/13,1200 UTC,,,,,,,,,,,,,,,,,,
2024/03/13,1300 UTC,,,,,,,,,,,,,,,,,,
2024/03/13,1400 UTC,,,,,,,,,,,,,,,,,,
2024/03/13,1500 UTC,,,,,,,,,,,,,,,,,,
2024/03/13,1600 UTC,,,,,,,,,,,,,,,,,,
2024/03/13,1700 UTC,,,,,,,,,,,,,,,,,,
2024/03/13,1800 UTC,,,,,,,,,,,,,,,,,,
2024/03/13,1900 UTC,,,,,,,,,,,,,,,,,,
2024/03/13,2000 UTC,,,,,,,,,,,,,,,,,,
2024/03/13,2100 UTC,,,,,,,,,,,,,,,,,,
2024/03/13,2200 UTC,,,,,,,,,,,,,,,,,,
2024/03/13,2300 UTC,,,,,,,,,,,,,,,,,,
2024/03/14,0000 UTC,,,,,,,,,,,,,,,,,,
2024/03/14,0100 UTC,,,,,,,,,,,,,,,,,,
2024/03/14,0200 UTC,,,,,,,,,,,,,,,,,,
2024/03/14,0300 UTC,,,,,,,,,,,,,,,,,,
2024/03/14,0400 UTC,,,,,,,,,,,,,,,,,,
2024/03/14,0500 UTC,,,,,,,,,,,,,,,,,,
2024/03/14,0600 UTC,,,,,,,,,,,,,,,,,,
2024/03/14,0700 UTC,,,,,,,,,,,,,,,,,,
2024/03/14,0800 UTC,,,,,,,,,,,,,,,,,,
2024/03/14,0900 UTC,,,,,,,,,,,,,,,,,,
2024/03/14,1000 UTC,,,,,,,,,,,,,,,,,,
2024/03/14,1100 UTC,,,,,,,,,,,,,,,,,,
2024/03/14,1200 UTC,,,,,,,,,,,,,,,,,,
2024/03/14,1300 UTC,,,,,,,,,,,,,,,,,,
2024/03/14,1400 UTC,,,,,,,,,,,,,,,,,,
2024/03/14,1500 UTC,,,,,,,,,,,,,,,,,,
2024/03/14,1600 UTC,,,,,,,,,,,,,,,,,,
2024/03/14,1700 UTC,,,,,,,,,,,,,,,,,,
2024/03/14,1800 UTC,,,,,,,,,,,,,,,,,,
2024/03/14,1900 UTC,,,,,,,,,,,,,,,,,,
2024/03/14,2000 UTC,,,,,,,,,,,,,,,,,,
2024/03/14,2100 UTC,,,,,,,,,,,,,,,,,,
2024/03/14,2200 UTC,,,,,,,,,,,,,,,,,,
2024/03/14,2300 UTC,,,,,,,,,,,,,,,,,,
2024/03/15,0000 UTC,,,,,,,,,,,,,,,,,,
2024/03/15,0100 UTC,,,,,,,,,,,,,,,,,,
2024/03/15,0200 UTC,,,,,,,,,,,,,,,,,,
2024/03/15,0300 UTC,,,,,,,,,,,,,,,,,,
2024/03/15,0400 UTC,,,,,,,,,,,,,,,,,,
2024/03/15,0500 UTC,,,,,,,,,,,,,,,,,,
2024/03/15,0600 UTC,,,,,,,,,,,,,,,,,,
2024/03/15,0700 UTC,,,,,,,,,,,,,,,,,,
2024/03/15,0800 UTC,,,,,,,,,,,,,,,,,,
2024/03/15,0900 UTC,,,,,,,,,,,,,,,,,,
2024/03/15,1000 UTC,,,,,,,,,,,,,,,,,,
2024/03/15,1100 UTC,,,,,,,,,,,,,,,,,,
2024/03/15,1200 UTC,,,,,,,,,,,,,,,,,,
2024/03/15,1300 UTC,,,,,,,,,,,,,,,,,,
2024/03/15,1400 UTC,,,,,,,,,,,,,,,,,,
2024/03/15,1500 UTC,,,,,,,,,,,,,,,,,,
2024/03/15,1600 UTC,,,,,,,,,,,,,,,,,,
2024/03/15,1700 UTC,,,,,,,,,,,,,,,,,,
2024/03/15,1800 UTC,,,,,,,,,,,,,,,,,,
2024/03/15,1900 UTC,,,,,,,,,,,,,,,,,,
2024/03/15,2000 UTC,,,,,,,,,,,,,,,,,,
2024/03/15,2100 UTC,,,,,,,,,,,,,,,,,,
2024/03/15,2200 UTC,,,,,,,,,,,,,,,,,,
2024/03/15,2300 UTC,,,,,,,,,,,,,,,,,,
2024/03/16,0000 UTC,,,,,,,,,,,,,,,,,,
2024/03/16,0100 UTC,,,,,,,,,,,,,,,,,,
2024/03/16,0200 UTC,,,,,,,,,,,,,,,,,,
2024/03/16,0300 UTC,,,,,,,,,,,,,,,,,,
2024/03/16,0400 UTC,,,,,,,,,,,,,,,,,,
2024/03/16,0500 UTC,,,,,,,,,,,,,,,,,,
2024/03/16,0600 UTC,,,,,,,,,,,,,,,,,,
2024/03/16,0700 UTC,,,,,,,,,,,,,,,,,,
2024/03/16,0800 UTC,,,,,,,,,,,,,,,,,,
2024/03/16,0900 UTC,,,,,,,,,,,,,,,,,,
2024/03/16,1000 UTC,,,,,,,,,,,,,,,,,,
2024/03/16,1100 UTC,,,,,,,,,,,,,,,,,,
2024/03/16,1200 UTC,,,,,,,,,,,,,,,,,,
2024/03/16,1300 UTC,,,,,,,,,,,,,,,,,,
2024/03/16,1400 UTC,,,,,,,,,,,,,,,,,,
2024/03/16,1500 UTC,,,,,,,,,,,,,,,,,,
2024/03/16,1600 UTC,,,,,,,,,,,,,,,,,,
2024/03/16,1700 UTC,,,,,,,,,,,,,,,,,,
2024/03/16,1800 UTC,,,,,,,,,,,,,,,,,,
2024/03/16,1900 UTC,,,,,,,,,,,,,,,,,,
2024/03/16,2000 UTC,,,,,,,,,,,,,,,,,,
2024/03/16,2100 UTC,,,,,,,,,,,,,,,,,,
2024/03/16,2200 UTC,,,,,,,,,,,,,,,,,,
2024/03/16,2300 UTC,,,,,,,,,,,,,,,,,,
2024/03/17,0000 UTC,,,,,,,,,,,,,,,,,,
2024/03/17,0100 UTC,,,,,,,,,,,,,,,,,,
2024/03/17,0200 UTC,,,,,,,,,,,,,,,,,,
2024/03/17,0300 UTC,,,,,,,,,,,,,,,,,,
2024/03/17,0400 UTC,,,,,,,,,,,,,,,,,,
2024/03/17,0500 UTC,,,,,,,,,,,,,,,,,,
2024/03/17,0600 UTC,,,,,,,,,,,,,,,,,,
2024/03/17,0700 UTC,,,,,,,,,,,,,,,,,,
2024/03/17,0800 UTC,,,,,,,,,,,,,,,,,,
2024/03/17,0900 UTC,,,,,,,,,,,,,,,,,,
2024/03/17,1000 UTC,,,,,,,,,,,,,,,,,,
2024/03/17,1100 UTC,,,,,,,,,,,,,,,,,,
2024/03/17,1200 UTC,,,,,,,,,,,,,,,,,,
2024/03/17,1300 UTC,,,,,,,,,,,,,,,,,,
2024/03/17,1400 UTC,,,,,,,,,,,,,,,,,,
2024/03/17,1500 UTC,,,,,,,,,,,,,,,,,,
2024/03/17,1600 UTC,,,,,,,,,,,,,,,,,,
2024/03/17,1700 UTC,,,,,,,,,,,,,,,,,,
2024/03/17,1800 UTC,,,,,,,,,,,,,,,,,,
2024/03/17,1900 UTC,,,,,,,,,,,,,,,,,,
2024/03/17,2000 UTC,,,,,,,,,,,,,,,,,,
2024/03/17,2100 UTC,,,,,,,,,,,,,,,,,,
2024/03/17,2200 UTC,,,,,,,,,,,,,,,,,,
2024/03/17,2300 UTC,,,,,,,,,,,,,,,,,,
2024/03/18,0000 UTC,,,,,,,,,,,,,,,,,,
2024/03/18,0100 UTC,,,,,,,,,,,,,,,,,,
2024/03/18,0200 UTC,,,,,,,,,,,,,,,,,,
2024/03/18,0300 UTC,,,,,,,,,,,,,,,,,,
2024/03/18,0400 UTC,,,,,,,,,,,,,,,,,,
2024/03/18,0500 UTC,,,,,,,,,,,,,,,,,,
2024/03/18,0600 UTC,,,,,,,,,,,,,,,,,,
2024/03/18,0700 UTC,,,,,,,,,,,,,,,,,,
2024/03/18,0800 UTC,,,,,,,,,,,,,,,,,,
2024/03/18,0900 UTC,,,,,,,,,,,,,,,,,,
2024/03/18,1000 UTC,,,,,,,,,,,,,,,,,,
2024/03/18,1100 UTC,,,,,,,,,,,,,,,,,,
2024/03/18,1200 UTC,,,,,,,,,,,,,,,,,,
2024/03/18,1300 UTC,,,,,,,,,,,,,,,,,,
2024/03/18,1400 UTC,,,,,,,,,,,,,,,,,,
2024/03/18,1500 UTC,,,,,,,,,,,,,,,,,,
2024/03/18,1600 UTC,,,,,,,,,,,,,,,,,,
2024/03/18,1700 UTC,,,,,,,,,,,,,,,,,,
2024/03/18,1800 UTC,,,,,,,,,,,,,,,,,,
2024/03/18,1900 UTC,,,,,,,,,,,,,,,,,,
2024/03/18,2000 UTC,,,,,,,,,,,,,,,,,,
2024/03/18,2100 UTC,,,,,,,,,,,,,,,,,,
2024/03/18,2200 UTC,,,,,,,,,,,,,,,,,,
2024/03/18,2300 UTC,,,,,,,,,,,,,,,,,,
2024/03/19,0000 UTC,,,,,,,,,,,,,,,,,,
2024/03/19,0100 UTC,,,,,,,,,,,,,,,,,,
2024/03/19,0200 UTC,,,,,,,,,,,,,,,,,,
2024/03/19,0300 UTC,,,,,,,,,,,,,,,,,,
2024/03/19,0400 UTC,,,,,,,,,,,,,,,,,,
2024/03/19,0500 UTC,,,,,,,,,,,,,,,,,,
2024/03/19,0600 UTC,,,,,,,,,,,,,,,,,,
2024/03/19,0700 UTC,,,,,,,,,,,,,,,,,,
2024/03/19,0800 UTC,,,,,,,,,,,,,,,,,,
2024/03/19,0900 UTC,,,,,,,,,,,,,,,,,,
2024/03/19,1000 UTC,,,,,,,,,,,,,,,,,,
2024/03/19,1100 UTC,,,,,,,,,,,,,,,,,,
2024/03/19,1200 UTC,,,,,,,,,,,,,,,,,,
2024/03/19,1300 UTC,,,,,,,,,,,,,,,,,,
2024/03/19,1400 UTC,,,,,,,,,,,,,,,,,,
2024/03/19,1500 UTC,,,,,,,,,,,,,,,,,,
2024/03/19,1600 UTC,,,,,,,,,,,,,,,,,,
2024/03/19,1700 UTC,,,,,,,,,,,,,,,,,,
2024/03/19,1800 UTC,,,,,,,,,,,,,,,,,,
2024/03/19,1900 UTC,,,,,,,,,,,,,,,,,,
2024/03/19,2000 UTC,,,,,,,,,,,,,,,,,,
2024/03/19,2100 UTC,,,,,,,,,,,,,,,,,,
2024/03/19,2200 UTC,,,,,,,,,,,,,,,,,,
2024/03/19,2300 UTC,,,,,,,,,,,,,,,,,,
2024/03/20,0000 UTC,,,,,,,,,,,,,,,,,,
2024/03/20,0100 UTC,,,,,,,,,,,,,,,,,,
2024/03/20,0200 UTC,,,,,,,,,,,,,,,,,,
2024/03/20,0300 UTC,,,,,,,,,,,,,,,,,,
2024/03/20,0400 UTC,,,,,,,,,,,,,,,,,,
2024/03/20,0500 UTC,,,,,,,,,,,,,,,,,,
2024/03/20,0600 UTC,,,,,,,,,,,,,,,,,,
2024/03/20,0700 UTC,,,,,,,,,,,,,,,,,,
2024/03/20,0800 UTC,,,,,,,,,,,,,,,,,,
2024/03/20,0900 UTC,,,,,,,,,,,,,,,,,,
2024/03/20,1000 UTC,,,,,,,,,,,,,,,,,,
2024/03/20,1100 UTC,,,,,,,,,,,,,,,,,,
2024/03/20,1200 UTC,,,,,,,,,,,,,,,,,,
2024/03/20,1300 UTC,,,,,,,,,,,,,,,,,,
2024/03/20,1400 UTC,,,,,,,,,,,,,,,,,,
2024/03/20,1500 UTC,,,,,,,,,,,,,,,,,,
2024/03/20,1600 UTC,,,,,,,,,,,,,,,,,,
2024/03/20,1700 UTC,,,,,,,,,,,,,,,,,,
2024/03/20,1800 UTC,,,,,,,,,,,,,,,,,,
2024/03/20,1900 UTC,,,,,,,,,,,,,,,,,,
2024/03/20,2000 UTC,,,,,,,,,,,,,,,,,,
2024/03/20,2100 UTC,,,,,,,,,,,,,,,,,,
2024/03/20,2200 UTC,,,,,,,,,,,,,,,,,,
2024/03/20,2300 UTC,,,,,,,,,,,,,,,,,,
2024/03/21,0000 UTC,,,,,,,,,,,,,,,,,,
2024/03/21,0100 UTC,,,,,,,,,,,,,,,,,,
2024/03/21,0200 UTC,,,,,,,,,,,,,,,,,,
2024/03/21,0300 UTC,,,,,,,,,,,,,,,,,,
2024/03/21,0400 UTC,,,,,,,,,,,,,,,,,,
2024/03/21,0500 UTC,,,,,,,,,,,,,,,,,,
2024/03/21,0600 UTC,,,,,,,,,,,,,,,,,,
2024/03/21,0700 UTC,,,,,,,,,,,,,,,,,,
2024/03/21,0800 UTC,,,,,,,,,,,,,,,,,,
2024/03/21,0900 UTC,,,,,,,,,,,,,,,,,,
2024/03/21,1000 UTC,,,,,,,,,,,,,,,,,,
2024/03/21,1100 UTC,0,939.2,939.2,938.6,160.6,30.7,21.5,31.3,29.9,22.3,20.9,62,56,58,240,,3.1,
2024/03/21,1200 UTC,,,,,,,,,,,,,,,,,,
2024/03/21,1300 UTC,,,,,,,,,,,,,,,,,,
2024/03/21,1400 UTC,,,,,,,,,,,,,,,,,,
2024/03/21,1500 UTC,2.4,941.8,941.8,939.8,1066.4,24.6,17.4,28.9,22.9,18.8,16.8,71,55,64,185,13.2,5.5,
2024/03/21,1600 UTC,0,942.6,942.7,942.1,2460.1,25,16.7,26.2,24.3,17.8,15.9,65,57,60,175,12.6,5.4,
2024/03/21,1700 UTC,,,,,,,,,,,,,,,,,,
2024/03/21,1800 UTC,,,,,,,,,,,,,,,,,,
2024/03/21,1900 UTC,0,941.5,942.1,941.5,1956.8,26.1,16.2,26.6,25.5,17.1,15.6,58,53,54,158,9.8,2.9,
2024/03/21,2000 UTC,0,940.8,,,141.6,26.6,17,,,,,,,56,170,,.3,
2024/03/21,2100 UTC,0,940.1,940.8,940.1,642,24.9,17.5,26.6,24.9,18.3,16.8,64,55,63,325,3.2,2,
2024/03/21,2200 UTC,0,942,942,939.7,46.5,22.9,18.5,24.9,22,18.6,17.3,81,63,76,185,4.3,1.8,
2024/03/21,2300 UTC,0,943.6,943.6,942,,22.7,18.4,23.3,22.6,18.5,18.2,77,74,77,173,5.5,1.6,
2024/03/22,0000 UTC,0,945.1,945.1,943.6,,22.9,16.2,23.2,22.7,18.5,16.2,77,66,66,161,8.2,3.2,
2024/03/22,0100 UTC,0,946,946,945.1,,21.7,16.3,22.9,21.6,16.7,16.2,72,66,72,177,6.2,2.3,
2024/03/22,0200 UTC,0,946.4,946.4,946,,21,16.2,21.7,20.9,16.3,16.1,74,71,74,186,5.5,1.4,
2024/03/22,0300 UTC,0,946.5,946.7,946.4,,20,16.4,21,20,16.5,15.8,80,73,79,178,4,1.3,
2024/03/22,0400 UTC,0,947,947,946.5,,19.1,16.8,20.1,18.6,16.8,16.1,87,78,87,136,2.5,.4,
2024/03/22,0500 UTC,0,947.4,947.4,946.9,,19.5,16.5,19.5,19.1,17,16.5,87,83,83,183,1.8,.8,
2024/03/22,0600 UTC,0,947.6,947.6,947.4,,19.5,16.6,19.6,19.3,16.8,16.3,85,81,83,211,1.6,.7,
2024/03/22,0700 UTC,0,947.9,947.9,947.6,,19.2,17.1,19.6,19.2,17.1,16.3,87,81,87,172,1.6,0,
2024/03/22,0800 UTC,0,948.4,948.4,947.9,,19.2,17.1,19.5,19.2,17.2,16.8,88,85,87,167,1.7,.1,
2024/03/22,0900 UTC,0,949.2,949.2,948.4,,19,16.9,19.2,19,17.1,16.9,88,86,88,214,1.7,.1,
2024/03/22,1000 UTC,0,949.9,949.9,949.2,8.3,18.2,16.9,19,18.2,17.2,16.9,92,87,92,198,2.2,1.2,
2024/03/22,1100 UTC,0,950.7,950.7,949.9,112.3,18.3,16.7,18.3,18.2,17,16.7,92,90,90,179,3.9,1.6,
2024/03/22,1200 UTC,0,951.4,951.4,950.7,299.4,18.6,16.6,18.6,18.2,16.9,16.5,91,88,89,189,4.2,1.5,
2024/03/22,1300 UTC,0,951.8,951.8,951.4,675.5,19.7,16.7,19.8,18.5,17.1,16.3,89,82,83,202,3.1,1.2,
2024/03/22,1400 UTC,0,952.4,952.4,951.8,1208.6,20.2,16.8,21.3,19.6,17.6,16.1,83,76,81,153,2.9,1,
2024/03/22,1500 UTC,0,952.1,952.4,952.1,703.3,20.8,17.2,20.8,19.9,17.4,16.4,82,80,80,185,3.9,1.4,
2024/03/22,1600 UTC,0,951.9,952.1,951.8,1520.8,21,16.9,22,20.8,17.8,16.5,81,74,77,174,4.1,1.6,
2024/03/22,1700 UTC,0,951.8,951.9,951.7,447.9,21.2,16.7,21.3,20.8,17.5,16.7,79,75,75,27,3.4,1.3,
2024/03/22,1800 UTC,0,951.6,951.8,951.6,229.4,20.6,16.7,21.2,20.5,17.1,16.2,80,75,78,7,4.4,1.5,
2024/03/22,1900 UTC,0,951.5,951.6,951.4,216.8,20.6,16.7,20.8,20.5,17,16.4,80,77,78,12,3.4,1.6,
2024/03/22,2000 UTC,0,951.5,951.5,951.4,269.5,19.7,16.9,20.7,19.7,17.1,16.2,84,77,83,278,4.1,2,
2024/03/22,2100 UTC,0,952.1,952.1,951.4,68.9,19.6,16.6,19.8,19.5,17.1,16.6,85,83,83,353,5.2,1.4,
2024/03/22,2200 UTC,.2,952.7,952.7,952.1,,17.8,16.2,19.6,17.8,16.6,16,92,80,90,354,5.2,2.7,
2024/03/22,2300 UTC,0,953.6,953.6,952.7,,17.7,16,17.8,17.6,16.2,16,91,90,90,341,4.6,.7,
2024/03/23,0000 UTC,0,954.5,954.5,953.6,.2,17.8,15.3,18,17.6,16.1,15.3,91,85,86,322,3.8,.1,
2024/03/23,0100 UTC,0,954.7,954.7,954.5,.7,18,14.5,18,17.6,15.7,14.4,89,80,80,43,5.2,1,
2024/03/23,0200 UTC,0,954.9,954.9,954.7,.8,17.9,13.4,18,17.4,14.7,13.3,84,74,75,20,8.7,3.2,
2024/03/23,0300 UTC,0,954.9,955,954.9,,17.4,12.6,17.8,17.2,13.6,12.6,79,73,73,74,8.7,2.4,
2024/03/23,0400 UTC,0,954.7,955,954.7,,16.8,12.7,17.5,16.7,13.1,12.3,79,73,77,135,6.4,.9,
2024/03/23,0500 UTC,0,954.2,954.7,954.2,,16.1,12.2,16.8,16.1,12.7,11.4,78,71,78,163,5,1,
2024/03/23,0600 UTC,0,953.7,954.2,953.7,,15.1,13,16.2,15.1,13,11.9,87,76,87,134,2,1,
2024/03/23,0700 UTC,0,953.5,953.7,953.4,,14.5,12.8,15.1,14.5,13.2,12.8,90,87,89,189,1.6,.5,
2024/03/23,0800 UTC,0,953.5,953.6,953.4,,14.6,12.7,14.6,14.4,12.8,12.3,90,87,89,145,1.4,.6,
2024/03/23,0900 UTC,0,953.6,953.7,953.5,,14.6,13.2,14.7,14.5,13.2,12.7,91,89,91,165,1.4,.4,
2024/03/23,1000 UTC,0,954.1,954.1,953.6,45.2,14.1,13.1,14.5,13.8,13.2,12.8,94,91,94,201,1.4,.4,
2024/03/23,1100 UTC,0,954.7,954.7,954.1,473.2,15.8,13,16,14.1,14.1,12.9,94,83,83,221,1.5,.7,
2024/03/23,1200 UTC,0,955.1,955.1,954.7,753.2,17.3,12.8,17.4,15.8,13.3,12.4,83,74,74,215,1.5,.7,
2024/03/23,1300 UTC,0,955.3,955.5,955.1,1357.5,19.4,11.6,19.4,17.3,13.5,10.7,76,58,61,51,4.7,1.5,
2024/03/23,1400 UTC,.2,955,955.3,955,2677,20.8,11.7,21.1,19.4,12.6,10.5,61,55,56,35,6.9,3.1,
2024/03/23,1500 UTC,0,954.6,955,954.6,1494.4,20.7,12,20.9,20.1,12.6,11.4,62,55,57,45,6.1,2.6,
2024/03/23,1600 UTC,0,954,954.6,954,1004.2,21.1,13.2,21.1,20.3,13.3,11.9,63,58,60,33,5.4,2.4,
2024/03/23,1700 UTC,0,953.3,954,953.3,1707.6,21.4,13.3,21.9,20.6,13.8,12.6,62,58,60,41,5.7,2.2,
2024/03/23,1800 UTC,0,952.5,953.3,952.5,1188.7,21.5,13.5,22,21,13.8,12.9,62,58,61,58,4.6,2,
2024/03/23,1900 UTC,0,952.4,952.5,952.3,464.9,21,14.3,21.5,20.6,14.3,13.2,66,60,65,46,3.9,1.8,
2024/03/23,2000 UTC,0,952.1,952.4,952.1,831.6,20.8,13.8,21.8,20.8,14.7,13.5,66,61,65,19,5.1,2.9,
2024/03/23,2100 UTC,0,952.5,952.5,952,126.1,18.6,14.7,20.9,18.6,14.8,13.9,79,65,78,16,8.4,4.7,
2024/03/23,2200 UTC,0,952.9,952.9,952.5,1.9,18.5,14.6,18.6,18.4,15,14.5,81,77,78,330,8.4,1.7,
2024/03/23,2300 UTC,0,953.4,953.4,952.9,,17.8,15,18.5,17.8,15,14.4,84,78,84,281,3.7,1.1,
2024/03/24,0000 UTC,0,953.9,953.9,953.4,,18.1,14.3,18.4,17.7,15.1,14.3,85,77,78,345,5.1,1.6,
2024/03/24,0100 UTC,0,953.7,954,953.7,,17.5,15,18.2,17.4,15,14.3,86,78,85,301,2.9,1.2,
2024/03/24,0200 UTC,0,953,953.7,953,,17,15.1,17.7,17,15.2,14.6,89,82,89,287,4.2,2,
2024/03/24,0300 UTC,0,952.9,953,952.9,,16.3,15.4,17.1,16.3,15.4,15,94,88,94,348,3.5,.8,
2024/03/24,0400 UTC,0,952.5,952.9,952.5,,16.3,15.4,16.5,16.3,15.5,15.4,94,94,94,214,1.5,.8,
2024/03/24,0500 UTC,0,951.7,952.5,951.7,,16.2,15.4,16.4,16.2,15.6,15.4,95,94,95,185,1.8,.2,
2024/03/24,0600 UTC,.2,951.3,951.7,951.2,,16.3,15.6,16.4,16.2,15.7,15.4,96,95,96,210,1.2,0,
2024/03/24,0700 UTC,0,950.7,951.3,950.6,,16.4,15.7,16.5,16.2,15.8,15.6,96,95,95,202,.7,0,
2024/03/24,0800 UTC,0,950.9,950.9,950.6,,16.4,15.7,16.4,16.3,15.7,15.6,96,95,96,149,1.3,.2,
2024/03/24,0900 UTC,0,951,951,950.8,,16.2,15.6,16.5,16.2,15.8,15.6,96,95,96,175,1.3,.2,
2024/03/24,1000 UTC,0,951.4,951.4,950.9,30.8,16.4,15.7,16.5,16.2,15.8,15.6,96,96,96,146,1.3,.1,
2024/03/24,1100 UTC,0,951.8,951.8,951.4,283.7,17.3,16.3,17.3,16.4,16.3,15.7,96,93,94,188,1.8,.5,
2024/03/24,1200 UTC,0,951.9,952,951.8,658.4,18.3,16.2,18.3,17.3,16.4,15.8,94,87,88,213,2.4,1.4,
2024/03/24,1300 UTC,0,951.9,952,951.9,771.9,18.4,17,18.6,17.7,17,15.8,92,84,91,182,2.5,.5,
2024/03/24,1400 UTC,0,951.7,951.9,951.7,1135.3,19.2,17,19.2,18.1,17.1,16.2,91,87,87,166,2.3,.9,
2024/03/24,1500 UTC,0,951.1,951.7,951,1453.4,20.4,16.7,20.5,19.2,17.3,16.2,87,78,79,188,3.2,1,
2024/03/24,1600 UTC,.2,950.4,951,950.4,1940.9,21.7,17.3,21.7,20.3,18.3,16.3,84,75,76,143,3.3,1.2,
2024/03/24,1700 UTC,0,949.4,950.4,949.4,1805.5,23.5,18,23.5,21.3,18.1,16.3,76,68,71,342,2.2,.5,
2024/03/24,1800 UTC,0,948.7,949.4,948.7,958.1,21.8,17.4,23.5,21.8,17.7,16.7,76,69,76,27,3.4,1.8,
2024/03/24,1900 UTC,0,948.5,948.7,948.5,579.3,22.1,17.2,22.3,21.9,17.7,17,76,73,74,21,3.5,.4,
2024/03/24,2000 UTC,0,948.5,948.6,948.5,184.6,20.3,18.2,22.2,20.3,18.2,17.1,88,74,87,225,3,0,
2024/03/24,2100 UTC,0,948.6,948.7,948.5,137.2,20.1,18.1,20.6,20.1,18.4,17.9,89,84,88,267,2.5,.7,
2024/03/24,2200 UTC,0,948.8,948.8,948.6,15,19.7,18.3,20.1,19.5,18.5,18,93,88,92,243,1.5,.9,
2024/03/24,2300 UTC,1,949.3,949.3,948.8,,19,18.2,19.7,19,18.3,18.1,95,92,95,189,1.9,.1,
2024/03/25,0000 UTC,.2,949.7,949.7,949.3,,18.8,17.6,19.2,18.7,18.4,17.6,95,92,93,353,2.5,1.2,
2024/03/25,0100 UTC,.6,949.7,949.7,949.7,,18.6,17.9,18.8,18.6,17.9,17.5,95,93,95,305,2.2,.4,
2024/03/25,0200 UTC,0,949.3,949.7,949.3,,18.5,17.7,18.7,18.4,17.9,17.6,95,95,95,285,2.1,1.1,
2024/03/25,0300 UTC,0,949.1,949.3,949.1,,18.1,17.3,18.6,18.1,17.8,17.3,95,95,95,349,2.1,0,
2024/03/25,0400 UTC,0,948.5,949.1,948.5,,18,17.4,18.1,17.9,17.4,17.2,96,95,96,212,0,0,
2024/03/25,0500 UTC,0,948.1,948.5,948.1,,18,17.4,18.1,18,17.5,17.3,96,96,96,190,.9,0,
2024/03/25,0600 UTC,0,947.8,948.1,947.8,,18,17.4,18.2,18,17.5,17.3,96,96,96,199,1.3,.3,
2024/03/25,0700 UTC,0,947.3,947.8,947.3,,17.9,17.3,18.1,17.9,17.4,17.3,96,96,96,202,1.6,.5,
2024/03/25,0800 UTC,0,947.3,947.3,947.2,,17.8,17.2,17.9,17.8,17.3,17.2,97,96,97,175,2.6,1,
2024/03/25,0900 UTC,0,947.6,947.6,947.3,,17.8,17.3,17.9,17.8,17.4,17.2,97,97,97,192,2,.2,
2024/03/25,1000 UTC,0,948.1,948.1,947.6,24.4,18,17.4,18.1,17.8,17.5,17.3,97,96,96,214,1.8,0,
2024/03/25,1100 UTC,0,948.5,948.5,948.1,321.9,18.9,17.8,19,18,17.9,17.4,96,93,93,184,1.5,.4,
2024/03/25,1200 UTC,0,948.7,948.8,948.5,822.9,19.8,17.4,19.9,18.9,18.1,17,93,85,86,239,3.4,1.1,
2024/03/25,1300 UTC,0,948.5,948.8,948.5,1502.8,21.7,17.5,21.9,19.8,18.5,16.8,86,76,77,222,2.2,1,
2024/03/25,1400 UTC,0,948.2,948.5,948.2,2331.3,23.1,17.7,23.3,21.6,18,16.5,77,69,72,205,2.3,.5,
2024/03/25,1500 UTC,.2,947.4,948.2,947.4,3380.5,24.4,16.7,26.3,23.1,18.5,16.3,72,57,62,91,3.7,2,
2024/03/25,1600 UTC,0,946.5,947.4,946.5,3545.7,25.8,16.5,27.2,24.4,18.2,16,63,53,57,164,3.8,2.1,
2024/03/25,1700 UTC,0,945.7,946.5,945.7,2926.8,27.4,16.3,27.5,25.4,17.9,15.9,60,51,51,188,4.1,1.4,
2024/03/25,1800 UTC,0,945,945.7,945,2877,27.5,15.8,28.7,26.4,17.5,15.4,55,46,49,150,5,1.8,
2024/03/25,1900 UTC,0,944.6,945,944.6,2269.4,27.8,13.6,28.4,27.1,16.8,13.3,51,41,42,123,5.3,2.5,
2024/03/25,2000 UTC,0,944.7,944.7,944.5,1476.6,27.3,15,28.1,27.2,15.1,12.8,48,40,47,138,5.9,2.3,
2024/03/25,2100 UTC,0,945,945,944.7,570.4,25.2,16.6,27.5,25.1,16.9,14.8,60,46,59,171,4.1,1.1,
2024/03/25,2200 UTC,0,945.4,945.4,945,15.9,21.6,17,25.2,21.5,17.5,16.6,76,59,75,176,2.4,.2,
2024/03/25,2300 UTC,0,945.9,945.9,945.4,,19.8,17.3,21.6,19.8,17.7,17.2,85,75,85,282,2.1,.8,
2024/03/26,0000 UTC,0,946.5,946.5,945.9,,19.2,17,20.2,19.2,17.5,16.9,87,84,87,9,2.7,.2,
2024/03/26,0100 UTC,0,946.9,946.9,946.5,,18.6,16.8,19.2,18.6,17.1,16.6,89,86,89,296,2.8,1.1,
2024/03/26,0200 UTC,0,947.7,947.7,946.9,,18.2,16.8,18.6,18.2,17.1,16.8,92,89,92,205,1.8,.5,
2024/03/26,0300 UTC,0,948,948,947.7,,18.1,16.9,18.3,18.1,17,16.8,93,92,93,153,1.2,.1,
2024/03/26,0400 UTC,0,947.8,948.1,947.8,,18.6,17,18.6,18.1,17.1,16.7,93,91,91,344,1.2,0,
2024/03/26,0500 UTC,0,947.7,947.9,947.7,,18.4,16.7,18.6,18.4,17.1,16.7,92,90,90,288,1.7,.7,
2024/03/26,0600 UTC,0,947.4,947.7,947.4,,17.8,16.7,18.4,17.8,16.8,16.5,93,90,93,175,1.7,0,
2024/03/26,0700 UTC,0,947.4,947.4,947.2,,19.1,17.1,19.1,17.8,17.5,16.7,94,88,88,354,2.8,1.6,
2024/03/26,0800 UTC,0,947.3,947.4,947.2,,18.8,16.6,19.1,18.8,17.2,16.6,90,87,87,298,2.2,.7,
2024/03/26,0900 UTC,0,947.9,947.9,947.3,,18.4,17,18.8,18.3,17,16.6,91,87,91,177,1.6,0,
2024/03/26,1000 UTC,0,948.3,948.3,947.9,8.6,18.6,17.4,18.6,18.4,17.4,17,93,91,93,272,1.6,.3,
2024/03/26,1100 UTC,0,948.9,949,948.3,179.4,19.2,17.4,19.2,18.5,17.6,17.2,93,90,90,179,1.7,.3,
2024/03/26,1200 UTC,0,949.5,949.5,949,461.3,19.8,17.7,19.8,19.2,17.8,17.3,90,87,88,276,2.4,1.5,
2024/03/26,1300 UTC,0,949.9,949.9,949.5,841.6,21,16.6,21.2,19.6,17.5,16.4,88,75,76,285,2.4,.9,
2024/03/26,1400 UTC,0,949.9,950,949.9,1446.1,21.5,16,22,21,17.3,15.7,77,70,71,326,3.7,1.5,
2024/03/26,1500 UTC,0,949.7,950,949.7,1449.7,22.3,16.4,22.6,21.5,17.2,16,74,68,69,17,3.6,1.9,
2024/03/26,1600 UTC,0,949.1,949.7,949.1,2108.9,23.1,17.2,23.8,22.3,17.8,16.2,71,65,69,18,5.6,3,
2024/03/26,1700 UTC,0,948.6,949.1,948.6,2123.2,23.8,16.8,24.4,22.7,17.7,16.5,70,64,65,6,8.6,3.6,
2024/03/26,1800 UTC,0,947.9,948.6,947.9,2850.5,24.2,16.8,24.4,23.6,17.5,16.3,67,62,64,355,6.7,4,
2024/03/26,1900 UTC,0,947.5,947.9,947.5,2188.3,25,16.5,25.3,23.9,17.4,15.8,65,57,59,349,5.8,2.5,
2024/03/26,2000 UTC,,,,,,,,,,,,,,,,,,
2024/03/26,2100 UTC,0,947.4,947.4,947.2,548.4,23.1,16.9,25.3,23.1,17,15.4,68,56,68,29,5.1,1.9,
2024/03/26,2200 UTC,0,947.7,947.7,947.4,15.8,21.4,17.1,23.1,20.5,17.3,16.9,81,68,77,341,3.6,1.4,
2024/03/26,2300 UTC,0,948.5,948.5,947.7,,19.4,17.2,21.4,19.4,17.3,16.9,87,76,87,329,2.1,.1,
2024/03/27,0000 UTC,0,949.1,949.1,948.5,,19.5,17.5,19.5,18.7,17.6,16.9,91,87,89,34,1.6,.6,
2024/03/27,0100 UTC,0,949.8,949.8,949.1,,19.4,16.5,19.9,19.4,17.6,16.5,89,83,83,352,4.4,2,
2024/03/27,0200 UTC,0,949.8,949.8,949.7,,18.2,15.8,19.4,18.2,16.6,15.7,86,83,86,324,3.8,.8,
2024/03/27,0300 UTC,0,950.2,950.2,949.8,,16.7,15.5,18.2,16.7,15.8,15.4,93,86,93,53,1.7,0,
2024/03/27,0400 UTC,0,950.3,950.3,950.2,,16.8,15.2,17.2,16.5,16,15.2,94,90,91,356,1.3,.5,
2024/03/27,0500 UTC,0,950.1,950.3,950.1,,15.6,14.9,16.7,15.6,15.2,14.8,95,91,95,13,1.4,.8,
2024/03/27,0600 UTC,0,950,950.2,950,,16.2,15.5,16.2,15.6,15.5,14.9,96,95,96,331,1.4,.1,
2024/03/27,0700 UTC,0,949.9,950,949.7,,16.5,15.6,16.5,16.2,15.7,15.5,96,95,95,65,1.6,0,
2024/03/27,0800 UTC,0,949.9,949.9,949.7,,16.6,15.6,16.7,16.5,15.8,15.5,95,94,94,214,1.6,0,
2024/03/27,0900 UTC,0,950.2,950.2,949.9,,16.8,15.8,16.8,16.6,15.9,15.7,94,94,94,264,0,0,
2024/03/27,1000 UTC,0,950.6,950.6,950.1,23.4,17,16.1,17,16.8,16.1,15.8,95,94,95,150,1.3,.3,
2024/03/27,1100 UTC,0,951,951,950.6,474.4,19.3,16.1,19.3,17,16.8,15.9,95,82,82,47,1.4,.3,
2024/03/27,1200 UTC,0,951.3,951.3,950.9,1490.3,20.5,15.6,20.6,18.8,16.3,15.1,82,73,74,10,3.2,1.5,
2024/03/27,1300 UTC,0,951.3,951.4,951.3,1608.5,21,15.6,21.5,20.1,16.2,15,75,69,71,25,4.2,2.1,
2024/03/27,1400 UTC,0,951.1,951.3,951.1,1888.1,23.1,15.7,23.2,21,16.6,14.9,72,63,63,16,5.5,3.1,
2024/03/27,1500 UTC,0,950.7,951.1,950.7,2570.8,23.1,15.6,23.9,22.5,16.6,15.1,67,60,63,23,5.4,3,
2024/03/27,1600 UTC,0,949.9,950.7,949.9,2174.5,24.7,16.4,25.1,23.1,16.7,15.3,65,57,60,51,5.1,2,
2024/03/27,1700 UTC,0,949.1,949.9,949.1,3324.5,25.4,15.6,25.7,24.4,17.3,15.3,61,54,55,32,5.8,2.6,
2024/03/27,1800 UTC,0,948.3,949.1,948.3,2893.5,25.9,15.6,26.7,25.3,16.4,15.2,57,51,53,55,5,2.4,
2024/03/27,1900 UTC,0,947.9,948.3,947.9,2332.8,26.3,15.8,27.4,25.9,17.1,15.3,54,50,53,18,5,2.4,
2024/03/27,2000 UTC,0,947.6,948,947.6,1530.7,25.8,16,26.8,25.8,16.6,15.4,55,51,55,43,4.5,2.1,
2024/03/27,2100 UTC,0,947.9,947.9,947.6,334.8,23.9,16.9,25.8,23.9,17.1,15.9,66,55,65,28,4.2,1.1,
2024/03/27,2200 UTC,0,948.5,948.5,947.9,12.4,21.6,17.3,23.9,21.5,17.5,16.9,77,65,76,313,2.7,.8,
2024/03/27,2300 UTC,0,949.2,949.2,948.5,,19.7,17.5,21.6,19.6,17.7,17.2,88,76,88,151,1.6,.6,
2024/03/28,0000 UTC,0,949.8,949.8,949.2,,19,17.4,19.7,18.9,17.8,17.3,92,88,91,30,1.1,.3,
2024/03/28,0100 UTC,0,950.4,950.5,949.8,,18.2,17.2,19,18.1,17.5,17,94,91,94,280,1.2,0,
2024/03/28,0200 UTC,0,950.8,950.8,950.4,,17.8,17.1,18.2,17.8,17.2,17,95,94,95,360,1.1,0,
2024/03/28,0300 UTC,0,951.3,951.3,950.8,,18.2,17.3,18.2,17.8,17.4,17.1,95,94,94,48,1,0,
2024/03/28,0400 UTC,0,951.2,951.4,951,,18.8,17,18.8,18.2,17.5,16.9,94,89,89,337,2.3,.8,
2024/03/28,0500 UTC,0,951,951.2,951,,18.7,16.8,18.8,18.6,17,16.7,90,88,89,326,2.4,.2,
2024/03/28,0600 UTC,0,950.6,951,950.6,,18,16.7,18.7,18,17.1,16.7,92,89,92,226,1.3,0,
2024/03/28,0700 UTC,0,950.4,950.7,950.4,,17.2,16.4,18,17,16.7,16.2,95,92,95,331,0,0,
2024/03/28,0800 UTC,0,950.5,950.6,950.4,,16.4,15.8,17.2,16.4,16.4,15.8,96,95,96,30,1.1,.2,
2024/03/28,0900 UTC,0,950.7,950.8,950.5,,16.3,15.8,16.4,16.1,15.8,15.5,97,96,97,86,.9,0,
2024/03/28,1000 UTC,0,951.2,951.2,950.7,23.5,16.5,16,16.5,16.3,16,15.8,97,97,97,52,1.2,.5,
2024/03/28,1100 UTC,0,951.7,951.7,951.2,218.7,17,16.5,17.1,16.4,16.6,15.9,97,97,97,210,1.6,.2,
2024/03/28,1200 UTC,0,952.2,952.2,951.7,567.1,18,17.6,18,16.9,17.6,16.4,97,97,97,360,2.2,1,
2024/03/28,1300 UTC,0,952.1,952.2,952,1535.5,20.3,16.8,20.5,17.9,18.8,16.5,97,79,80,74,3.3,.3,
2024/03/28,1400 UTC,0,951.7,952.1,951.7,2585.3,23.7,16.9,23.7,20.4,17.6,16.3,80,65,66,22,2.8,1,
2024/03/28,1500 UTC,0,950.9,951.7,950.9,3087.6,25.1,16.1,25.5,23.5,17.6,15.8,68,57,57,32,4.9,2.6,
2024/03/28,1600 UTC,0,950.1,950.9,950.1,3217.7,26.1,16.3,26.6,25,17.1,15.4,60,52,55,331,4.6,1.9,
2024/03/28,1700 UTC,0,949.3,950.1,949.3,3042.2,27.3,16.1,27.8,26,16.7,15.1,56,49,51,4,4.6,1.8,
2024/03/28,1800 UTC,0,948.6,949.3,948.6,2542.6,27.7,16.1,28.6,26.9,17.3,15.4,53,47,49,2,4,1.3,
2024/03/28,1900 UTC,0,948.4,948.6,948.4,1998.6,27.1,16.9,28.8,27.1,17.5,16.1,54,49,54,34,4.5,2,
2024/03/28,2000 UTC,0,948.7,948.7,948.4,390.1,26.1,17.4,27.1,26.1,18.3,16.7,61,54,59,78,3.5,1,
2024/03/28,2100 UTC,0,948.9,948.9,948.6,269.2,23.6,19,26.1,23.6,19.2,17.2,76,58,76,144,1.8,.4,
2024/03/28,2200 UTC,0,949.4,949.4,948.9,15.2,21.7,19.3,23.5,21.6,19.5,19,87,76,87,287,2.1,.5,
2024/03/28,2300 UTC,0,949.9,949.9,949.3,,20.6,18.8,21.8,20.6,19.5,18.8,90,86,90,247,1.5,.1,
2024/03/29,0000 UTC,0,950.2,950.2,949.9,,19.9,18.5,20.6,19.9,19,18.4,92,90,91,354,2,.7,
2024/03/29,0100 UTC,0,950.4,950.4,950,,19.3,18.2,20.2,19.2,18.6,17.9,93,90,93,226,3,.7,
2024/03/29,0200 UTC,0,950.8,950.9,950.4,,18.9,18,19.3,18.7,18.2,17.7,94,93,94,81,1.4,.1,
2024/03/29,0300 UTC,0,951,951.2,950.8,,18.8,18,18.9,18.4,18,17.5,95,94,95,49,.7,0,
2024/03/29,0400 UTC,0,951.2,951.4,950.9,,18.7,17.9,18.8,18.6,18.1,17.9,96,95,95,213,1.8,.1,
2024/03/29,0500 UTC,0,951.1,951.2,951,,18.4,17.6,18.7,18.4,17.9,17.6,95,95,95,24,1.2,.1,
2024/03/29,0600 UTC,0,950.7,951.1,950.7,,18.6,17.9,18.6,18.2,17.9,17.5,96,95,96,28,1.1,.4,
2024/03/29,0700 UTC,0,950.4,950.7,950.4,,18.8,17.7,18.8,18.6,17.9,17.6,96,94,94,29,1.6,.5,
2024/03/29,0800 UTC,0,950.6,950.6,950.4,,18.2,17.2,18.8,18.2,17.7,17.2,94,93,94,342,1.3,.2,
2024/03/29,0900 UTC,0,950.7,950.8,950.5,,17.7,17,18.2,17.7,17.3,16.9,96,94,96,1,2.6,1.7,
2024/03/29,1000 UTC,0,951.3,951.3,950.7,31.5,17.3,16.6,17.7,17.3,17.1,16.6,96,96,96,10,3,.1,
2024/03/29,1100 UTC,0,952,952,951.3,455,18.7,17.3,18.7,17.3,17.7,16.6,96,92,92,111,1.1,0,
2024/03/29,1200 UTC,0,952.3,952.3,952,1020.3,20.5,18,20.8,18.7,18.9,16.4,92,80,85,165,2,.8,
2024/03/29,1300 UTC,0,952.4,952.5,952.2,1626.8,22.5,17.1,22.5,20.5,18.2,16.3,85,69,72,208,1.8,.4,
2024/03/29,1400 UTC,0,951.8,952.4,951.8,1967.7,23.4,16.4,23.7,22.2,17.1,15.8,72,63,65,19,3.9,1.6,
2024/03/29,1500 UTC,0,951.1,951.9,951.1,2429,24,16.9,24.8,23,17.1,16.1,67,60,65,353,5.2,2.3,
2024/03/29,1600 UTC,0,950.1,951.1,950.1,2683,25.3,16.6,25.6,24,17.7,16.1,65,56,58,360,5.6,3,
2024/03/29,1700 UTC,0,949.2,950.1,949.2,2377.6,26.3,15.3,26.5,25,17.2,15.3,59,51,51,36,5.1,1.8,
2024/03/29,1800 UTC,0,947.8,949.2,947.8,2728.3,27.6,16.4,27.8,26.1,17,15.1,56,48,50,7,4.2,1.4,
2024/03/29,1900 UTC,0,947.6,947.9,947.4,751.1,25.2,17.5,27.7,25.2,18.1,15.3,62,48,62,214,3.2,1,
2024/03/29,2000 UTC,0,947.3,947.6,947.1,366.2,24.1,19.5,25.1,24.1,19.5,17.7,76,63,76,199,2.1,.7,
2024/03/29,2100 UTC,0,947.6,947.7,947.3,143.2,22.8,19.4,24.1,22.8,19.5,18.7,81,73,81,194,1.8,.9,
2024/03/29,2200 UTC,0,947.5,947.6,947.2,5,21.8,19.4,22.8,21.7,19.6,19.2,87,81,86,245,2.6,1.2,
2024/03/29,2300 UTC,0,948,948.1,947.5,,20.5,18.9,21.9,20.5,19.5,18.8,90,85,90,223,2.6,.5,
2024/03/30,0000 UTC,0,948.8,948.8,948,,20.2,18.7,20.6,20.1,19,18.6,92,90,92,253,2.4,.3,
2024/03/30,0100 UTC,0,949.7,949.7,948.8,,20.1,18.9,20.2,19.9,18.9,18.6,93,92,93,239,2.4,.8,
2024/03/30,0200 UTC,0,949.9,950.1,949.7,,20.5,19,20.5,20.1,19.1,18.8,93,91,91,272,1.7,.3,
2024/03/30,0300 UTC,0,950,950.1,949.7,,20.1,18.8,20.5,20,19,18.7,92,90,92,140,2.3,.4,
2024/03/30,0400 UTC,8,950.6,950.8,950,,17.3,16.3,20.5,17.3,18.8,15.9,94,81,94,38,6.6,1.6,
2024/03/30,0500 UTC,1.6,949.3,950.7,949.1,,17.5,16.7,17.7,17.1,16.9,16.2,96,94,95,331,6.2,1.8,
2024/03/30,0600 UTC,0,948.5,949.3,948.5,,17.3,16.4,17.7,17.3,16.8,16.4,95,95,95,17,4.3,.1,
2024/03/30,0700 UTC,0,948,948.5,948,,16.4,15.8,17.3,16.3,16.5,15.7,96,95,96,236,1.3,0,
2024/03/30,0800 UTC,0,947.8,948,947.7,,16.1,15.6,16.5,16.1,15.9,15.6,97,96,97,22,0,0,
2024/03/30,0900 UTC,.2,947.8,947.9,947.7,,15.9,15.5,16.1,15.9,15.6,15.4,97,97,97,212,1.3,0,
2024/03/30,1000 UTC,0,948,948,947.6,34.6,16.1,15.6,16.1,15.9,15.6,15.4,97,97,97,145,.8,0,
2024/03/30,1100 UTC,0,948.6,948.6,948,320.3,16.6,16.2,16.7,15.8,16.2,15.3,97,97,97,157,1.7,.4,
2024/03/30,1200 UTC,0,949.1,949.1,948.6,921.2,18.2,17.7,18.2,16.4,17.7,16,97,97,97,126,1.9,.4,
2024/03/30,1300 UTC,0,949,949.1,949,2053.1,22,17.9,22.1,18.2,19.7,17.8,97,77,77,86,1.7,.6,
2024/03/30,1400 UTC,0,948.6,949,948.6,2712.5,24.6,18.7,24.7,21.9,18.9,17.1,80,66,70,345,2.4,.7,
2024/03/30,1500 UTC,0,948.2,948.6,948.2,3033,26,18.8,26.1,24.1,19.6,17.6,70,62,65,346,3,1.4,
2024/03/30,1600 UTC,0,947.1,948.2,947.1,3209.5,28.3,17.7,28.6,25.9,19.2,17,66,52,53,170,4.1,1.6,
2024/03/30,1700 UTC,0,946.2,947.1,946.2,3105,29.1,17.1,29.5,27.7,18.2,16.2,54,45,48,161,4.1,2.1,
2024/03/30,1800 UTC,0,945.5,946.2,945.5,2521.9,29.8,17.4,29.8,28,17.8,16.1,52,45,48,193,4,1.3,
2024/03/30,1900 UTC,0,945.2,945.5,945.2,1368.9,28.6,19.8,29.8,27.6,19.8,15.5,60,42,59,211,3.3,.8,
2024/03/30,2000 UTC,0,945.1,945.2,945.1,943.9,28.8,18.8,29.6,27.5,20,16.1,61,47,55,193,2.5,.6,
2024/03/30,2100 UTC,0,945.1,945.1,945,381.1,24.8,20.3,29.1,24.8,20.9,17.7,76,51,76,357,1.7,0,
2024/03/30,2200 UTC,0,945.1,945.1,945,9.6,22.4,19.4,24.8,22.1,20.2,19.3,85,74,83,266,1.2,.1,
2024/03/30,2300 UTC,0,945.9,945.9,945.1,,21.5,18.7,22.6,20.9,19.5,18.7,90,82,84,308,2.6,1.3,
2024/03/31,0000 UTC,0,946.5,946.5,945.9,,20.4,18.4,21.5,20.4,18.7,18.4,89,84,89,307,2.5,.5,
2024/03/31,0100 UTC,0,947.1,947.1,946.5,,18.9,17.8,20.3,18.9,18.5,17.8,93,89,93,193,1.5,.3,
2024/03/31,0200 UTC,0,947.7,947.7,947.1,,18.5,17.7,19,18.5,18.1,17.6,95,93,95,307,2.3,.3,
2024/03/31,0300 UTC,0,947.6,947.7,947.6,,18.1,17.5,18.6,18.1,17.8,17.5,96,95,96,92,.9,0,
2024/03/31,0400 UTC,0,947.4,947.7,947.4,,17.8,17.2,18.2,17.7,17.6,17.2,96,96,96,244,1.1,0,
2024/03/31,0500 UTC,0,946.9,947.5,946.9,,17.7,17.2,18,17.7,17.5,17.1,97,96,97,325,2.1,1.1,
2024/03/31,0600 UTC,0,946.7,947,946.6,,17.3,16.8,17.7,17.3,17.2,16.8,97,97,97,172,2.2,0,
2024/03/31,0700 UTC,0,946.8,946.8,946.5,,17.1,16.7,17.3,16.9,16.8,16.5,97,97,97,304,1.1,.2,
2024/03/31,0800 UTC,0,946.8,946.8,946.7,,17.1,16.6,17.3,17.1,16.9,16.6,97,97,97,338,1.1,0,
2024/03/31,0900 UTC,0,946.9,946.9,946.8,,17.3,16.9,17.3,17,16.9,16.5,97,97,97,57,0,0,
2024/03/31,1000 UTC,0,947.3,947.3,946.9,21,17.6,17.1,17.6,17.3,17.2,16.9,97,97,97,161,1.3,.7,
2024/03/31,1100 UTC,0,947.7,947.7,947.2,263.6,18.1,17.6,18.1,17.5,17.7,17.1,97,97,97,78,1.3,0,
2024/03/31,1200 UTC,0,947.9,948,947.7,449.2,18.7,18.2,18.7,18,18.2,17.5,97,97,97,284,1.2,0,
2024/03/31,1300 UTC,0,948,948.1,947.9,817.3,19.9,19.2,19.9,18.6,19.2,18.2,97,96,96,261,2.2,.6,
2024/03/31,1400 UTC,0,947.5,948,947.5,1843,23.7,20,23.7,19.8,20.3,18.6,96,80,80,346,2.3,.5,
2024/03/31,1500 UTC,0,946.7,947.5,946.7,2934.1,26.9,19.1,27.2,23,20.3,18.6,80,62,62,314,2.5,.9,
2024/03/31,1600 UTC,0,946,946.7,945.9,3204.8,28.7,18.1,28.7,26.6,20.3,16.7,66,49,53,279,3.6,1.8,
2024/03/31,1700 UTC,0,945.1,946,945.1,3142.7,29.6,17.4,29.8,28.4,18.9,16.5,53,47,48,30,3.7,1.4,
2024/03/31,1800 UTC,0,944.4,945.1,944.4,2169.3,29.3,17.6,29.9,28.6,19.2,17,56,48,49,7,4,2.3,
2024/03/31,1900 UTC,0,944.2,944.4,944.1,2012.3,29.3,17.9,29.8,28.5,19.2,17.4,54,49,50,354,4.5,1.4,
2024/03/31,2000 UTC,0,944.1,944.3,944.1,1073,28.6,18.6,29.9,28.1,18.6,16.9,55,47,55,61,5.1,2.1,
2024/03/31,2100 UTC,0,944.4,944.4,944.1,341.3,25.8,19,28.6,25.6,19.4,18,68,54,66,238,3.8,.4,
2024/03/31,2200 UTC,0,944.9,944.9,944.4,8.1,23,19.7,25.8,22.9,19.7,18.9,82,66,82,171,1.3,.1,
2024/03/31,2300 UTC,0,945.7,945.7,944.9,,21.6,19.8,23.6,21.6,20.3,19.6,89,81,89,187,3.2,0,
2024/04/01,0000 UTC,0,946.1,946.2,945.7,,20.9,19.5,21.7,20.8,20,19.3,92,89,92,322,2,.1,
2024/04/01,0100 UTC,0,946.9,946.9,946.1,,20.5,19.4,21,20.2,19.6,19.1,94,91,94,162,2.5,.4,
2024/04/01,0200 UTC,0,947.3,947.4,946.9,,20.1,19.1,20.5,20,19.4,18.9,94,93,94,333,2.2,0,
2024/04/01,0300 UTC,0,947.3,947.4,947.1,,19.6,18.8,20.1,19.5,19,18.7,95,93,95,20,.8,0,
2024/04/01,0400 UTC,0,947.5,947.6,947.2,,19.4,18.8,19.6,19.3,18.9,18.5,96,95,96,336,1,0,
2024/04/01,0500 UTC,0,947.1,947.6,947.1,,19.2,18.5,19.5,19.1,18.8,18.4,96,96,96,228,.7,0,
2024/04/01,0600 UTC,0,946.6,947.1,946.6,,18.8,18.2,19.2,18.7,18.5,18.1,96,96,96,125,0,0,
2024/04/01,0700 UTC,0,945.9,946.6,945.9,,18.7,18.2,18.8,18.6,18.2,18,97,96,97,193,0,0,
2024/04/01,0800 UTC,0,945.7,945.9,945.4,,18.6,18,18.8,18.5,18.2,17.9,97,96,96,116,1,.5,
2024/04/01,0900 UTC,0,946,946.1,945.6,,18.4,17.9,18.6,18.4,18,17.9,97,96,97,198,1,.1,
2024/04/01,1000 UTC,0,946.1,946.1,946,15.3,18.5,18,18.6,18.4,18,17.9,97,97,97,119,.8,0,
2024/04/01,1100 UTC,0,946.5,946.5,946.1,207.6,18.8,18.3,19,18.4,18.5,17.9,97,97,97,286,.8,0,
2024/04/01,1200 UTC,0,947.1,947.1,946.5,1079.8,21.1,19,21.1,18.8,20.1,18.3,97,87,88,212,2.8,.7,
2024/04/01,1300 UTC,0,947.1,947.2,947.1,410.4,20.8,18.6,21.2,20.6,19.1,18.2,89,85,88,216,2.1,0,
2024/04/01,1400 UTC,0,947.3,947.5,947.1,415.6,21.4,18.9,21.4,20.7,18.9,18.5,88,85,86,125,1.6,.2,
2024/04/01,1500 UTC,0,947,947.4,947,1605.5,23.5,17.7,23.9,21.4,19.7,17.6,86,70,70,338,2.6,1.3,
2024/04/01,1600 UTC,0,946,947,946,2463.9,25.3,18.7,25.7,23.3,18.9,17.5,73,64,67,42,4.4,.8,
2024/04/01,1700 UTC,0,945.3,946,945.3,2390.7,26,18.3,26.2,24.4,19.6,17.6,72,62,62,69,4.3,1.3,
2024/04/01,1800 UTC,0,944.3,945.3,944.3,1924.1,25.7,18,26.3,25.3,18.8,17.9,66,61,63,35,4.4,1.1,
2024/04/01,1900 UTC,0,944.2,944.3,944.2,1452.5,26.5,20.2,26.7,25.4,20.2,18,68,62,68,141,3.4,1,
2024/04/01,2000 UTC,0,944.1,944.3,944.1,830.2,23.6,19.5,26.5,23.6,20.2,19.4,78,66,78,204,4.1,2,
2024/04/01,2100 UTC,0,944.4,944.4,944.1,102.8,21.7,19.2,23.6,21.7,19.6,19,85,78,85,181,5,2.4,
2024/04/01,2200 UTC,5,944.7,944.7,944.3,9.8,20.2,19.4,21.7,20.2,19.7,19,95,86,95,202,4.6,.2,
2024/04/01,2300 UTC,0,945.1,945.1,944.7,,19.8,19.1,20.4,19.7,19.7,19,96,95,96,206,.9,0,
2024/04/02,0000 UTC,0,945.8,945.8,945,,20,19.4,20,19.7,19.4,19,96,96,96,183,2,.9,
2024/04/02,0100 UTC,0,945.7,945.9,945.6,,20,19.4,20.2,19.9,19.6,19.3,96,96,96,233,1.8,.2,
2024/04/02,0200 UTC,0,945.8,946.1,945.7,,19.8,19.2,20.1,19.8,19.4,19.2,96,96,96,155,1.8,0,
2024/04/02,0300 UTC,0,945.6,945.9,945.5,,19.4,18.8,19.9,19.4,19.3,18.8,96,96,96,191,1.6,0,
2024/04/02,0400 UTC,0,945.6,945.7,945.4,,19.6,19.1,19.7,19.4,19.1,18.8,97,96,97,209,1.7,.1,
2024/04/02,0500 UTC,0,945,945.6,945,,19.7,19.1,19.8,19.6,19.3,19.1,97,97,97,283,1,.2,
2024/04/02,0600 UTC,0,944.6,945,944.6,,19.7,19.2,19.8,19.6,19.2,19.1,97,97,97,164,1.5,.1,
2024/04/02,0700 UTC,0,944.4,944.6,944.3,,19.5,18.9,19.7,19.5,19.2,18.9,97,97,97,235,1.4,.8,
2024/04/02,0800 UTC,0,944.8,944.9,944.4,,19.5,18.9,19.5,19.4,19,18.8,97,97,97,175,1.4,0,
2024/04/02,0900 UTC,0,944.9,945,944.8,,19.5,18.9,19.5,19.3,19,18.8,97,96,96,306,1.2,0,
2024/04/02,1000 UTC,.4,945.1,945.1,944.9,24.6,18.9,18.2,19.5,18.9,18.9,18.1,96,95,96,195,1.3,0,
2024/04/02,1100 UTC,0,945,945.2,945,283.2,19.9,18.7,19.9,18.9,18.9,18.2,96,93,93,326,2.7,1.5,
2024/04/02,1200 UTC,0,945.4,945.5,945,1275.9,21.8,18.9,21.9,19.9,19.4,18.4,93,83,84,22,2.7,1.4,
2024/04/02,1300 UTC,0,945.1,945.4,945.1,2072.4,25.2,18.8,25.2,21.8,19.4,17.7,84,66,68,19,3,.8,
2024/04/02,1400 UTC,0,944.8,945.2,944.8,2631.6,27.2,19.4,27.2,25.1,19.4,17.6,69,60,63,328,3.1,1.2,
2024/04/02,1500 UTC,0,943.8,944.8,943.8,2994.4,28.7,19.3,29,26.8,20.2,18.1,64,54,57,84,4.1,1.4,
2024/04/02,1600 UTC,0,943.1,943.8,943.1,3229.7,30.4,17.9,30.4,28.3,19.5,16.7,57,45,47,167,5.1,2.2,
2024/04/02,1700 UTC,0,942.7,943.1,942.6,2744.7,30.8,16.9,30.9,29.1,18.5,16.2,50,42,43,186,6.6,2.8,
2024/04/02,1800 UTC,0,942.4,942.7,942.4,1995.2,30,17,31.2,28.6,18,16.1,52,41,45,184,7.4,2.5,
2024/04/02,1900 UTC,0,941.9,942.4,941.8,2004.4,30.4,17.2,30.4,29.5,17.9,16.1,48,44,45,181,6.1,2.3,
2024/04/02,2000 UTC,0,941.8,941.9,941.6,1199.1,30.3,18.1,30.6,29.8,18.3,16.6,49,44,48,205,4.6,1.2,
2024/04/02,2100 UTC,0,942.1,942.1,941.7,384.2,26.3,18.4,30.3,26.2,19.5,17.1,63,46,62,244,2.7,.4,
2024/04/02,2200 UTC,0,942.6,942.6,942.1,7.4,23.8,19,26.3,23.5,19.4,18.3,75,62,75,236,1.5,.5,
2024/04/02,2300 UTC,0,943.4,943.4,942.6,,22.3,19,23.8,22.2,19.3,19,83,75,82,174,1.8,0,
2024/04/03,0000 UTC,0,944.2,944.2,943.4,,21.2,18.9,22.3,21,19.3,18.8,88,82,87,302,1.2,.1,
2024/04/03,0100 UTC,0,945.2,945.2,944.2,,20.8,19,21.2,20.6,19.2,18.8,90,87,89,51,2.3,0,
2024/04/03,0200 UTC,0,945.7,945.7,945.2,,21.2,19.3,21.4,20.8,19.3,19,89,86,89,214,2.6,.1,
2024/04/03,0300 UTC,0,946.1,946.1,945.7,,21.3,19.6,21.3,21.1,19.6,19.3,91,89,90,317,1.5,.1,
2024/04/03,0400 UTC,0,946.1,946.2,946.1,,21.3,19,21.6,21.1,19.7,18.9,91,85,87,19,3.9,1.7,
2024/04/03,0500 UTC,0,945.9,946.1,945.8,,21.1,18.5,21.5,21.1,19,18.5,87,84,85,2,4.2,1.9,
2024/04/03,0600 UTC,0,946.2,946.3,945.8,.2,20.8,18.2,21.2,20.8,18.5,18.1,85,84,85,359,5.4,2.7,
2024/04/03,0700 UTC,0,946.2,946.3,946.1,,20.3,18.1,20.8,20.3,18.2,18,87,85,87,332,5.4,.9,
2024/04/03,0800 UTC,0,946.5,946.5,946.2,,20.4,18,20.4,20.2,18.1,17.9,88,86,86,355,2.7,1,
2024/04/03,0900 UTC,0,946.4,946.5,946.4,,20.1,18.1,20.5,20.1,18.2,17.9,88,85,88,6,1.8,0,
2024/04/03,1000 UTC,0,946.7,946.7,946.4,9,19.9,18.5,20.1,19.6,18.5,17.9,92,88,91,28,2.4,1.7,
2024/04/03,1100 UTC,0,947.1,947.1,946.7,164.9,20.8,18.4,20.8,19.9,18.6,18.4,91,86,86,18,3.1,1.6,
2024/04/03,1200 UTC,0,947.5,947.5,947.1,442.1,21.8,18.6,21.8,20.8,18.9,18.3,86,81,82,27,3.3,1.4,
2024/04/03,1300 UTC,0,947.6,947.7,947.5,810.9,22.8,18.6,22.8,21.8,18.9,18.3,82,77,78,15,2.7,.9,
2024/04/03,1400 UTC,0,947.1,947.6,947.1,2083,24.9,19.3,24.9,22.7,19.7,18.5,78,70,71,62,3,.8,
2024/04/03,1500 UTC,0,946.4,947.1,946.4,2536.3,26.3,19.7,26.4,24.8,20.3,18.7,72,66,67,155,4.4,.9,
2024/04/03,1600 UTC,0,945.5,946.4,945.5,3242.5,27.9,19.8,28.1,26.3,20.3,19.2,67,60,62,125,3.8,1.1,
2024/04/03,1700 UTC,0,944.6,945.5,944.6,2998.6,28.1,19.4,29.2,27.4,20.6,19.1,64,57,59,341,4.1,1.4,
2024/04/03,1800 UTC,0,943.8,944.6,943.8,2362.9,29.2,20.1,29.9,27.7,20.7,19.5,63,55,58,335,4,2.1,
2024/04/03,1900 UTC,0,943.4,943.8,943.4,1949.8,29.5,20.1,30.5,29.2,21,19.4,60,54,57,38,4,1.2,
2024/04/03,2000 UTC,0,943.6,943.6,943.3,1074.1,29.2,21.6,29.4,28.8,21.8,19.9,65,57,64,287,3.5,.7,
2024/04/03,2100 UTC,0,944.1,944.1,943.6,346.3,25.8,21.6,29.2,25.8,22,21.1,77,63,77,160,3.9,1,
2024/04/03,2200 UTC,0,944.8,944.8,944.1,5.2,24.2,21.2,25.8,24.1,21.6,21.1,84,78,83,285,2.9,1.7,
2024/04/03,2300 UTC,0,945.5,945.6,944.8,,23.6,20.2,24.6,23.5,21.1,20.2,83,80,81,20,4.5,2.5,
2024/04/04,0000 UTC,0,946,946,945.5,,22.9,20.2,23.6,22.5,20.3,20.1,86,81,85,356,3.9,1.5,
2024/04/04,0100 UTC,0,947,947,946,,22.5,20.4,23,22.5,20.7,20.2,89,85,88,350,2.9,.4,
2024/04/04,0200 UTC,0,948.1,948.1,947,,22.5,19.5,22.8,22.5,20.5,19.4,88,82,83,26,3.1,2.1,
2024/04/04,0300 UTC,0,948.2,948.5,948.1,,22.2,19.5,22.5,22.1,19.6,19.4,85,83,85,22,3.9,2.3,
2024/04/04,0400 UTC,0,947.8,948.2,947.8,,21.8,19.7,22.2,21.8,19.7,19.5,88,85,88,306,3.6,.2,
2024/04/04,0500 UTC,0,947.7,948.1,947.6,,21.5,19.9,21.8,21.5,19.9,19.7,91,88,91,248,1.2,0,
2024/04/04,0600 UTC,0,947.4,947.7,947.4,,21,19.8,21.5,21,20,19.7,93,91,93,134,2.8,.4,
2024/04/04,0700 UTC,0,947.2,947.5,947.1,,20.9,19.9,21,20.9,20,19.7,94,93,94,231,1.9,1.1,
2024/04/04,0800 UTC,0,947.2,947.5,947.2,,20.8,19.8,20.9,20.7,19.9,19.8,94,94,94,267,2.1,.3,
2024/04/04,0900 UTC,0,947.3,947.4,947.1,,20.9,19.8,21.1,20.8,20,19.8,94,93,94,166,1.3,.5,
2024/04/04,1000 UTC,0,947.9,947.9,947.2,9.6,21,20.1,21,20.8,20.1,19.8,94,94,94,193,1.2,.2,
2024/04/04,1100 UTC,0,948.6,948.6,947.9,107,21.3,20.2,21.3,21,20.2,20,94,93,93,180,1.9,.5,
2024/04/04,1200 UTC,0,949,949,948.6,415.2,22.7,20.5,22.7,21.2,20.5,20,93,87,88,245,1.4,.1,
2024/04/04,1300 UTC,0,948.3,949,948.3,611.8,23.4,20.3,23.4,22.5,20.7,20.1,88,83,83,341,1.9,.4,
2024/04/04,1400 UTC,0,948.3,948.3,948.3,1183,25.4,21.1,25.4,23.4,21.1,20,84,76,77,97,2.4,.5,
2024/04/04,1500 UTC,0,948.1,948.5,948.1,2163.8,27.2,20.7,27.4,24.9,21.4,20.2,77,68,68,87,2.8,1.2,
2024/04/04,1600 UTC,0,947.3,948.1,947.3,3050.8,28.7,20.7,29.2,26.5,21.8,20.2,72,61,62,124,3.4,1.2,
2024/04/04,1700 UTC,0,946.3,947.3,946.2,2843.9,30,21.4,30.2,28.3,22,20.4,65,58,60,48,3.5,1.2,
2024/04/04,1800 UTC,0,945.7,946.2,945.7,2671.6,30.6,21.7,30.9,29.6,22.7,20.5,64,57,59,158,3.5,1.8,
2024/04/04,1900 UTC,0,945.4,945.7,945.4,1895.2,29.7,22.3,31,28.8,23.2,21.5,68,59,65,197,4.2,2.2,
2024/04/04,2000 UTC,0,945.6,945.6,945.3,730.6,28.1,22.7,29.8,27.8,23.1,22.2,73,64,72,200,4.3,1.9,
2024/04/04,2100 UTC,0,946.1,946.2,945.6,249.7,26.4,22.4,28.2,26.4,22.9,22.4,79,72,79,268,3.7,.8,
2024/04/04,2200 UTC,0,946.2,946.2,945.9,3.1,24.4,22.2,26.4,24.4,22.5,22.1,87,79,87,170,2.8,0,
2024/04/04,2300 UTC,0,946.6,946.6,946.2,,23.8,22.2,24.7,23.8,22.6,22,91,87,91,256,1.9,.4,
2024/04/05,0000 UTC,0,947.3,947.3,946.6,,23,21.7,23.8,23,22.2,21.6,92,90,92,330,2,.8,
2024/04/05,0100 UTC,0,947.6,947.6,947.3,,22.9,21.9,23.1,22.7,22.1,21.6,94,92,94,51,1.6,.2,
2024/04/05,0200 UTC,0,947.4,947.7,947.4,,22.2,21.5,22.9,22.2,21.7,21.3,95,94,95,282,1.9,1,
2024/04/05,0300 UTC,0,947.6,947.7,947.4,,22.3,21.6,22.5,22.2,21.7,21.4,96,95,96,300,1.9,.7,
2024/04/05,0400 UTC,0,947.9,947.9,947.6,,22.2,21.5,22.4,22.1,21.7,21.4,96,96,96,335,1.5,.3,
2024/04/05,0500 UTC,0,948,948.1,947.9,,22.5,21.8,22.5,22.2,21.8,21.5,96,96,96,60,1.6,.2,
2024/04/05,0600 UTC,0,948.1,948.2,947.9,,23,20.7,23.2,22.5,22,20.7,96,86,87,24,4.3,1.3,
2024/04/05,0700 UTC,0,948.2,948.2,948.1,,22.5,20.4,23,22.5,20.7,20.4,88,87,88,316,3.2,.9,
2024/04/05,0800 UTC,0,948.3,948.4,948.2,,22.1,20.7,22.5,22.1,20.7,20.3,91,87,91,229,1.7,.1,
2024/04/05,0900 UTC,0,948.5,948.5,948.2,,22,20.7,22.2,21.9,20.8,20.6,93,91,93,252,1.1,.1,
2024/04/05,1000 UTC,0,948.8,948.8,948.5,13.7,21.5,20.4,22.1,21.5,20.7,20.2,93,89,93,213,1.8,.1,
2024/04/05,1100 UTC,0,949.5,949.5,948.8,223,22.2,20.4,22.2,21.5,20.5,20.1,93,90,90,186,1.9,.6,
2024/04/05,1200 UTC,0,949.9,950,949.5,632.6,23.3,20.5,23.3,22.2,20.8,20.1,90,84,84,206,2.1,.8,
2024/04/05,1300 UTC,0,949.9,950.1,949.8,1307.4,24.8,20.6,24.8,23.2,21.4,19.8,85,77,77,153,2.6,.9,
2024/04/05,1400 UTC,0,949.4,949.9,949.4,1295.7,25.6,20.7,25.6,24.4,20.8,19.9,77,73,74,198,2.3,.8,
2024/04/05,1500 UTC,0,948.9,949.4,948.9,1929.1,26.6,20.6,27,25,21,20,75,68,70,79,2.6,1.3,
2024/04/05,1600 UTC,0,947.4,948.9,947.4,2152.2,27.5,20.4,28.3,26.6,21.5,20.3,71,63,65,22,4.6,2,
2024/04/05,1700 UTC,0,946.4,947.4,946.4,2618.4,29.2,20.6,29.4,27.5,21.6,20.4,67,59,60,53,5,2.2,
2024/04/05,1800 UTC,0,944.9,946.4,944.9,1767.6,30,20.9,30,28.5,21.1,20.2,62,57,58,38,4.7,2.1,
2024/04/05,1900 UTC,4.4,944.6,945.4,944.1,1039,20.2,17.7,31,20.2,21.7,17,86,53,86,115,26.2,8.7,
2024/04/05,2000 UTC,23.4,946.9,947.5,944.5,170,20.3,19.8,20.6,19.7,20.1,18.3,97,86,97,244,26.2,1.6,
2024/04/05,2100 UTC,1,947.5,947.6,946.8,87.8,20.4,19.8,20.6,20.3,20,19.7,97,97,97,220,5.5,.4,
2024/04/05,2200 UTC,9.4,948,948.1,947.4,1.3,20.1,19.5,20.4,20,19.9,19.5,97,97,97,220,4.5,.6,
2024/04/05,2300 UTC,0,948.9,948.9,948,,20.4,19.9,20.5,20.1,19.9,19.6,97,97,97,201,1.9,.4,
2024/04/06,0000 UTC,0,949.9,949.9,948.9,,20.4,19.8,20.6,20.3,20,19.8,97,97,97,208,2.9,0,
2024/04/06,0100 UTC,0,950.4,950.4,949.9,,20.6,20,20.6,20.4,20,19.8,97,97,97,174,1.6,0,
2024/04/06,0200 UTC,0,950.1,950.4,950.1,3.5,20.8,19.2,21.2,20.6,20.6,19.2,97,90,90,5,3,.7,
2024/04/06,0300 UTC,0,949.8,950.1,949.8,3.6,20.8,18.7,21.5,20.6,19.4,18.5,92,84,87,41,3.6,1.4,
2024/04/06,0400 UTC,0,949.5,949.8,949.5,,20.1,18.7,20.8,20.1,19,18.6,92,87,92,185,3,.2,
2024/04/06,0500 UTC,1.2,949.1,949.5,949.1,,19.6,18.6,20.3,19.4,19.2,18.4,94,92,94,140,2.7,1.1,
2024/04/06,0600 UTC,.2,948.9,949.1,948.9,,19,17.4,19.6,19,18.6,17.4,94,90,91,42,3.3,1.3,
2024/04/06,0700 UTC,.2,948.9,949,948.8,,18,17.1,19,18,17.4,17,95,90,95,205,3.3,.9,
2024/04/06,0800 UTC,.2,949.4,949.4,948.9,1,16.7,15.7,18,16.7,17.1,15.6,95,93,94,222,4.2,1.3,
2024/04/06,0900 UTC,.4,950.1,950.1,949.4,,16.6,15.6,16.8,16.6,15.9,15.6,95,94,94,206,3.9,.7,
2024/04/06,1000 UTC,0,951,951,950.1,8.5,16.7,15.6,16.8,16.6,15.8,15.4,94,93,93,249,2.4,1,
2024/04/06,1100 UTC,0,951.8,951.8,951,148,16.4,14.9,17,16.1,15.8,14.7,93,89,91,32,4.2,.6,
2024/04/06,1200 UTC,0,952.4,952.4,951.8,387.6,17.1,15.5,17.2,16.3,15.6,14.9,92,88,90,277,1.9,1.2,
2024/04/06,1300 UTC,0,952.6,952.7,952.4,1048.5,18.4,15.3,18.4,17,15.8,15,90,81,82,64,2.9,.4,
2024/04/06,1400 UTC,0,952.3,952.6,952.3,1249.5,19.6,14.6,19.6,18.3,15.8,14.1,83,72,73,24,4.5,2.4,
2024/04/06,1500 UTC,0,951.7,952.3,951.7,1259,19.5,14.4,19.8,19.3,14.9,13.9,74,70,73,353,4.9,2.7,
2024/04/06,1600 UTC,0,950.9,951.7,950.9,1066.5,20.5,14.8,20.5,19.3,14.9,14.1,75,68,70,82,5,2.1,
2024/04/06,1700 UTC,0,950.3,950.9,950.3,1069.6,20.2,14.9,20.7,20.1,15.3,14.2,73,66,71,17,4.9,2.2,
2024/04/06,1800 UTC,0,949.9,950.3,949.9,910.2,20.3,15,20.6,20.2,15.2,14.5,73,68,72,42,4.6,1.8,
2024/04/06,1900 UTC,0,950,950.1,949.8,278,19.8,15.6,20.3,19.7,15.6,14.8,77,71,77,32,4,2.2,
2024/04/06,2000 UTC,0,950.1,950.1,950,143.2,19.4,15,19.9,19.3,15.4,14.8,77,74,76,359,5.4,3.6,
2024/04/06,2100 UTC,0,950.3,950.4,950,37.6,17.8,15.6,19.5,17.8,15.6,14.8,87,75,87,26,5.7,2.7,
2024/04/06,2200 UTC,0,950.6,950.6,950.3,.6,16.8,15.2,17.8,16.8,15.7,15.1,91,87,90,336,5,1.7,
2024/04/06,2300 UTC,0,951.1,951.1,950.6,,17.3,14.5,17.4,16.8,15.3,14.5,90,84,84,358,4.7,2.3,
2024/04/07,0000 UTC,0,951.6,951.6,951.1,,17,15.2,17.4,16.9,15.2,14.5,90,83,89,271,3.6,1.8,
2024/04/07,0100 UTC,0,951.6,951.7,951.5,,16.8,15,17.1,16.8,15.1,14.7,89,86,89,294,3.4,.7,
2024/04/07,0200 UTC,0,951.2,951.6,951.2,,16.7,15.4,17,16.7,15.4,15,92,89,92,292,2,.4,
2024/04/07,0300 UTC,0,950.9,951.2,950.9,,16.5,15.3,16.7,16.5,15.4,15.2,93,92,93,229,3.2,.1,
2024/04/07,0400 UTC,0,950.6,951,950.6,,16.5,15.4,16.5,16.4,15.4,15.3,94,93,93,302,.9,0,
2024/04/07,0500 UTC,0,950.5,950.7,950.5,,16.5,15.6,16.6,16.4,15.6,15.2,94,91,94,199,0,0,
2024/04/07,0600 UTC,0,950.3,950.7,950.2,,16.5,15.5,16.5,16.4,15.7,15.4,95,94,94,164,1.5,0,
2024/04/07,0700 UTC,0,949.5,950.3,949.5,,16.4,15.5,16.5,16.3,15.5,15.5,95,94,94,260,1.3,0,
2024/04/07,0800 UTC,0,948.6,949.5,948.4,,16.7,15.5,16.7,16.4,15.5,15.3,94,93,93,15,1.3,.9,
2024/04/07,0900 UTC,0,949.5,949.7,948.6,,16.7,15.8,16.8,16.6,15.8,15.5,94,93,94,120,1.6,0,
2024/04/07,1000 UTC,0,949.6,949.9,949.5,7.7,16.8,15.8,16.9,16.6,15.9,15.6,94,94,94,77,1.3,0,
2024/04/07,1100 UTC,0,949.9,949.9,949.6,118.5,17.4,15.9,17.4,16.8,16,15.8,94,91,91,158,1.9,0,
2024/04/07,1200 UTC,0,950.4,950.4,950,343.7,18.3,15.3,18.3,17.4,16.2,15.2,92,83,83,42,1.9,.7,
2024/04/07,1300 UTC,0,950.8,950.8,950.4,705.6,19.3,16.1,19.3,18.3,16.1,14.9,83,79,81,353,3.6,1.8,
2024/04/07,1400 UTC,0,952.1,952.1,950.6,500.4,18.4,16,19.6,18.4,16.1,15.2,86,77,86,181,7.4,3.1,
2024/04/07,1500 UTC,0,951.2,952.1,951.2,395,19.6,16.1,19.8,18.4,16.8,15.8,87,80,80,166,7.4,.2,
2024/04/07,1600 UTC,0,950.2,951.2,950.1,574.4,19.7,16.5,20.4,19.5,16.7,15.8,82,77,82,128,4.4,.5,
2024/04/07,1700 UTC,0,949.1,950.2,949.1,443.4,19.2,16.5,19.8,18.8,17,16.3,87,82,84,130,3.3,.5,
2024/04/07,1800 UTC,0,948.3,949.1,948.3,583,20.5,17.3,20.6,19.2,17.6,16.4,85,82,82,357,2.3,1,
2024/04/07,1900 UTC,0,947.6,948.3,947.6,702.4,21.3,17.3,21.3,20.3,17.8,17.1,83,78,78,11,5.1,2.9,
2024/04/07,2000 UTC,0,947,947.6,947,357.6,20.9,17.3,21.3,20.9,17.5,17.1,80,78,79,10,5.1,1.9,
2024/04/07,2100 UTC,0,946.3,947,946.3,156.7,20.2,17.2,21,20.2,17.4,17.1,83,79,83,360,3.6,2.4,
2024/04/07,2200 UTC,0,946.4,946.6,946.2,.1,19.9,17.1,20.2,19.8,17.3,17.1,85,83,84,9,4,2.8,
2024/04/07,2300 UTC,0,946.6,946.8,946.3,,19.8,17,20,19.8,17.1,16.9,85,82,84,12,4.3,1.5,
2024/04/08,0000 UTC,0,946.9,947.1,946.6,,18.5,17.1,19.8,18.5,17.2,16.9,92,84,92,228,2.7,.5,
2024/04/08,0100 UTC,0,947.9,947.9,946.9,,18.7,17.4,18.7,18.4,17.4,17.1,92,92,92,224,2.9,.3,
2024/04/08,0200 UTC,0,948,948.1,947.9,,18.4,17.5,18.7,18.4,17.5,17.3,94,92,94,248,2.9,.8,
2024/04/08,0300 UTC,0,948.4,948.5,947.8,,18.4,17.5,18.5,18.4,17.6,17.5,95,94,95,222,2.2,.4,
2024/04/08,0400 UTC,0,948.4,948.5,948.3,,18.5,17.7,18.5,18.4,17.7,17.5,95,95,95,188,1.5,0,
2024/04/08,0500 UTC,0,947.8,948.4,947.6,0,18.4,17.7,18.5,18.3,17.7,17.6,96,95,96,322,1.9,.4,
2024/04/08,0600 UTC,0,947.5,947.8,947.5,,18.3,17.7,18.4,18.3,17.8,17.6,96,96,96,215,1,0,
2024/04/08,0700 UTC,0,947,947.6,947,.5,18.3,17.7,18.3,18.3,17.7,17.7,96,96,96,165,1.9,.4,
2024/04/08,0800 UTC,0,946.6,947,946.5,,18.3,17.7,18.4,18.3,17.8,17.7,96,96,96,151,1.1,0,
2024/04/08,0900 UTC,.2,946.7,946.7,946.5,.1,18.3,17.7,18.3,18.2,17.8,17.6,97,96,97,230,1,.1,
2024/04/08,1000 UTC,0,947.1,947.2,946.7,12.1,18.4,17.9,18.4,18.3,17.9,17.7,97,97,97,38,1,0,
2024/04/08,1100 UTC,0,947.6,947.6,947.1,238.3,19.1,18.2,19.1,18.4,18.4,17.9,97,95,95,144,0,0,
2024/04/08,1200 UTC,0,947.8,947.8,947.6,476,19.9,17.9,20,19.1,18.5,17.9,95,88,88,137,1.6,.2,
2024/04/08,1300 UTC,0,947.7,947.8,947.6,1150.5,20.9,18.6,21.9,19.9,19.6,17.9,90,80,87,287,2.1,1.1,
2024/04/08,1400 UTC,0,947.2,947.7,947.2,1065,21.6,18.5,21.8,20.9,19.1,18.1,88,81,82,4,3.4,2,
2024/04/08,1500 UTC,0,946.9,947.3,946.9,717.1,21.4,18.3,22,21.4,19,18.2,84,80,82,2,3.7,2,
2024/04/08,1600 UTC,0,946.4,946.9,946.4,365.9,21,18.9,21.5,21,19,18.3,88,82,88,33,3.7,1.7,
2024/04/08,1700 UTC,0,945.6,946.4,945.6,454.6,21.2,19.1,21.2,21,19.4,18.8,90,87,88,13,3.7,1.8,
2024/04/08,1800 UTC,0,945.4,945.6,945.2,672.8,22.5,19.7,22.5,21.2,19.7,18.9,88,83,84,342,4.3,.6,
2024/04/08,1900 UTC,0,945.1,945.5,945,436.1,22.3,19.4,22.6,22,19.7,19.2,85,82,84,25,2.9,1.3,
2024/04/08,2000 UTC,0,944.7,945.2,944.7,355.4,22.2,19.3,22.4,22.2,19.5,19,85,82,84,7,3,1.2,
2024/04/08,2100 UTC,0,944.8,945,944.6,231.5,21.8,19.3,22.2,21.8,19.3,19,86,83,86,1,2.4,1.2,
2024/04/08,2200 UTC,0,945.3,945.3,944.8,9.5,19.7,18.7,21.8,19.7,19.3,18.6,94,86,94,219,2.1,0,
2024/04/08,2300 UTC,0,945.9,945.9,945.3,,19.8,19,19.9,19.6,19.1,18.7,95,94,95,37,1,.2,
2024/04/09,0000 UTC,0,946.3,946.3,945.9,,19.6,18.8,19.9,19.6,19.1,18.8,95,95,95,333,1.3,.5,
2024/04/09,0100 UTC,0,946.5,946.5,946.3,,19.1,18.4,19.7,19.1,18.9,18.4,96,95,96,282,1.2,.1,
2024/04/09,0200 UTC,0,946.6,946.6,946.5,,18.7,18.2,19.2,18.6,18.5,18,96,96,96,304,1.3,.5,
2024/04/09,0300 UTC,0,946.5,946.6,946.3,0,18.8,18.3,18.9,18.7,18.4,18.1,97,96,97,347,1.8,.8,
2024/04/09,0400 UTC,0,946.7,946.7,946.4,0,18.8,18.3,19,18.8,18.4,18.3,97,97,97,4,1.8,1.2,
2024/04/09,0500 UTC,0,946.6,946.7,946.5,.6,18.7,18.2,19,18.7,18.5,18.2,97,97,97,288,2.1,.4,
2024/04/09,0600 UTC,0,946.1,946.6,946.1,.4,18.7,18.2,18.7,18.5,18.2,18,97,97,97,277,2.1,0,
2024/04/09,0700 UTC,0,945.9,946.1,945.9,.1,18.6,18.2,18.8,18.6,18.3,18.2,97,97,97,14,2.2,1.4,
2024/04/09,0800 UTC,0,946,946,945.8,,18.6,18.1,18.7,18.5,18.2,18,97,97,97,18,2.2,0,
2024/04/09,0900 UTC,0,946.5,946.5,946,.1,18.4,17.8,18.6,18.4,18.1,17.8,97,96,96,257,1.5,.7,
2024/04/09,1000 UTC,0,947.2,947.2,946.5,13.6,18.6,18,18.6,18.4,18.1,17.8,97,96,97,262,1.5,.3,
2024/04/09,1100 UTC,0,947.8,947.8,947.2,204.5,19.4,18.4,19.4,18.5,18.5,18,97,94,94,212,1.5,.4,
2024/04/09,1200 UTC,0,948.3,948.3,947.8,609.7,20.2,17.8,20.4,19.3,18.5,17.6,94,86,86,238,2.1,.3,
2024/04/09,1300 UTC,0,948.2,948.4,948.2,1027.5,21,18.1,21.3,20.2,18.5,17.6,86,82,83,308,2.4,.9,
2024/04/09,1400 UTC,0,948,948.2,948,1375.3,22.4,18.7,22.6,21.1,19.1,17.9,84,78,80,332,3.5,.8,
2024/04/09,1500 UTC,0,947.2,948,947.2,2571.5,24.5,19.3,24.7,22,20.2,18.4,82,73,73,314,3.8,1.9,
2024/04/09,1600 UTC,0,946.4,947.2,946.4,2951.6,25.7,19.5,26.3,24.3,20.4,19,74,67,69,30,4.6,1.8,
2024/04/09,1700 UTC,0,945.5,946.4,945.5,2949.5,26.7,19.6,26.8,25.7,20.1,18.8,70,64,65,24,4.7,2.5,
2024/04/09,1800 UTC,0,945,945.5,945,2518,27.4,20.1,27.4,26.6,20.6,19.3,68,62,64,360,4.6,2.5,
2024/04/09,1900 UTC,0,944.7,945,944.7,1940.4,27.1,19.1,28,27.1,20.4,19.1,65,60,62,354,5.6,2.7,
2024/04/09,2000 UTC,0,944.6,944.8,944.6,531.1,25.8,19.5,27.4,25.8,19.7,18.9,68,61,68,313,4.6,1.5,
2024/04/09,2100 UTC,0,944.6,944.7,944.6,196,23.7,19.6,26.1,23.7,19.7,18.4,78,63,78,336,2.5,0,
2024/04/09,2200 UTC,0,945,945,944.6,.9,22.1,19.9,23.7,22.1,20.1,19.6,87,78,87,26,1.9,.6,
2024/04/09,2300 UTC,0,945.5,945.5,945,,21,19.7,22.1,21,20,19.5,93,87,93,228,1.6,0,
2024/04/10,0000 UTC,0,945.8,945.8,945.4,,20,19.1,21.1,20,19.9,18.9,94,92,94,279,1.4,0,
2024/04/10,0100 UTC,0,946.1,946.2,945.8,,19.8,19,20.5,19.6,19.7,18.8,96,94,96,340,1.8,.5,
2024/04/10,0200 UTC,0,946.2,946.2,946,,19.3,18.7,19.9,19.1,19.2,18.4,96,95,96,243,1.1,.2,
2024/04/10,0300 UTC,0,946.2,946.3,946.1,,19.1,18.6,19.3,18.8,18.7,18.3,97,96,97,272,1.1,.6,
2024/04/10,0400 UTC,0,946.2,946.3,946.2,,18.6,18.1,19.2,18.5,18.6,18,97,97,97,319,1.5,0,
2024/04/10,0500 UTC,0,945.8,946.2,945.8,,18.9,18.4,18.9,18.6,18.4,18.1,97,97,97,155,1.1,0,
2024/04/10,0600 UTC,0,945.5,945.8,945.4,.7,18.8,18.3,19.3,18.8,18.8,18.3,97,97,97,281,1.5,.7,
2024/04/10,0700 UTC,0,945.1,945.5,945,.9,18.9,18.4,18.9,18.6,18.4,18.1,97,97,97,286,2.2,0,
2024/04/10,0800 UTC,0,945.3,945.4,945.1,.8,18.9,18.4,19,18.7,18.5,18.2,97,97,97,169,1.6,0,
2024/04/10,0900 UTC,0,945.4,945.5,945.3,,19,18.5,19,18.9,18.5,18.4,97,97,97,287,2,.7,
2024/04/10,1000 UTC,0,946.1,946.1,945.4,9.1,19.4,18.9,19.4,18.9,18.9,18.4,97,97,97,314,2.2,0,
2024/04/10,1100 UTC,0,946.9,946.9,946.1,93.4,19.6,19,19.6,19.4,19.1,18.9,97,96,96,256,2.6,1.4,
2024/04/10,1200 UTC,0,947.5,947.5,946.9,320.3,20.4,18.8,20.4,19.6,19.2,18.8,96,91,91,304,2.2,.5,
2024/04/10,1300 UTC,0,947.5,947.6,947.5,952,21.7,18.7,21.8,20.4,19.2,18.3,91,83,83,329,2.2,1,
2024/04/10,1400 UTC,0,947,947.5,947,990.7,22.1,18.2,22.2,21.6,19.1,18.1,85,78,79,325,2.7,1.5,
2024/04/10,1500 UTC,0,946.4,947,946.4,2669.3,24.1,18.5,24.7,22.1,19.7,18.2,81,69,71,330,3.8,2,
2024/04/10,1600 UTC,0,945.4,946.4,945.3,3038.9,26,19.6,26,24,19.9,18.2,73,67,68,17,3.8,1.6,
2024/04/10,1700 UTC,0,944.4,945.4,944.4,2234.5,25.5,18.7,26.5,25.5,20.3,18.4,70,63,66,2,3.7,2.1,
2024/04/10,1800 UTC,0,943.7,944.4,943.7,1050.2,26.1,18.9,26.1,25.3,19.6,18.4,70,64,65,352,3.6,1.7,
2024/04/10,1900 UTC,0,943.7,943.8,943.6,1395.9,26.2,18.3,26.8,25.9,19.5,17.7,67,59,62,339,3.8,1.6,
2024/04/10,2000 UTC,0,943.9,943.9,943.7,560.4,25.3,19.4,26.3,25.3,19.7,17.9,71,60,70,306,2.8,.3,
2024/04/10,2100 UTC,0,944.1,944.2,943.9,136.3,22.7,19.7,25.3,22.7,20.2,19.3,83,70,83,218,1.7,.3,
2024/04/10,2200 UTC,0,944.4,944.4,944.1,,21.8,20,22.7,21.8,20.1,19.8,90,83,90,2,1,.4,
2024/04/10,2300 UTC,0,945.1,945.1,944.4,,21,19.8,21.8,20.9,20.2,19.6,94,90,93,100,1.1,.2,
2024/04/11,0000 UTC,0,945.8,945.8,945.1,,20.2,19.3,21,20.2,19.8,19.3,94,93,94,22,1.1,0,
2024/04/11,0100 UTC,0,946.5,946.5,945.8,,19.9,19.1,20.5,19.9,19.7,19.1,95,94,95,206,2.2,.5,
2024/04/11,0200 UTC,0,946.9,947,946.4,,19.9,19.2,20,19.5,19.3,18.8,96,95,96,246,2.2,.4,
2024/04/11,0300 UTC,0,947.2,947.2,946.9,,20,19.3,20.1,19.8,19.4,19.1,96,96,96,228,1.9,.4,
2024/04/11,0400 UTC,0,946.9,947.4,946.9,.3,20.3,19.5,20.3,20,19.5,19.3,96,95,95,248,1.4,.1,
2024/04/11,0500 UTC,0,947.1,947.5,946.9,1,20.1,19.3,20.3,20,19.5,19.2,95,95,95,153,1.6,.5,
2024/04/11,0600 UTC,0,946.5,947.1,946.2,.3,20,19.2,20.2,20,19.4,19.2,96,95,95,195,1.7,.4,
2024/04/11,0700 UTC,0,947.4,947.4,946.5,0,20.2,19,20.4,20,19.4,19,95,92,93,357,2.9,0,
2024/04/11,0800 UTC,0,947.1,947.4,947.1,,20,19.1,20.3,20,19.2,19,95,93,95,164,1.5,.9,
2024/04/11,0900 UTC,0,947.6,947.6,947,,19.8,18.9,20,19.8,19.1,18.8,95,94,95,145,1.8,0,
2024/04/11,1000 UTC,0,948.2,948.3,947.3,4.6,19.8,19,19.9,19.8,19.1,18.9,95,95,95,220,1.8,.7,
2024/04/11,1100 UTC,0,948.9,948.9,948.2,130.6,20.4,19.2,20.4,19.8,19.3,19,95,93,93,216,1.8,.9,
2024/04/11,1200 UTC,0,949.6,949.6,948.9,292.3,20.8,19.2,20.8,20.4,19.4,19.1,93,90,90,266,2.3,0,
2024/04/11,1300 UTC,0,949.6,949.7,949.5,223.5,21.1,19,21.1,20.8,19.5,19,91,88,88,37,1.6,.3,
2024/04/11,1400 UTC,0,949.7,949.7,949.6,586.5,21.3,19.4,21.8,21.1,19.7,19,90,84,89,197,2.2,1,
2024/04/11,1500 UTC,0,949.5,949.8,949.5,519.4,21.5,19.5,21.6,20.7,19.7,19.1,91,88,88,205,3.2,1.4,
2024/04/11,1600 UTC,0,949.3,949.5,949.3,640.5,22.5,19.1,22.5,21.2,19.7,18.8,89,81,81,232,3.5,.2,
2024/04/11,1700 UTC,0,949,949.3,949,829.8,22,19.5,22.8,21.6,19.5,18.8,86,79,86,189,4.4,1.6,
2024/04/11,1800 UTC,0,948.8,949,948.7,1006,21.7,18.8,23.2,21.7,20.1,18.8,86,80,84,201,4,2.1,
2024/04/11,1900 UTC,0,948.8,948.9,948.7,744.8,22.5,19.5,22.5,21.7,19.6,19,85,83,83,183,3.7,1.6,
2024/04/11,2000 UTC,0,948.8,948.8,948.6,365.3,22.1,19.6,22.6,22,19.6,19.2,86,82,86,207,3,1.5,
2024/04/11,2100 UTC,0,948.8,948.9,948.8,63.5,21.6,18.9,22.5,21.6,19.4,18.6,86,79,85,185,4,.4,
2024/04/11,2200 UTC,0,949.3,949.3,948.8,2,21.2,18.8,21.9,21.1,19,18.5,87,81,87,243,3.3,.5,
2024/04/11,2300 UTC,0,949.8,949.8,949.2,.7,21.2,18.4,21.4,21,19,18.2,89,82,84,3,3,1.8,
2024/04/12,0000 UTC,0,950.6,950.6,949.8,1.1,21,18.1,21.4,21,18.4,18,84,81,83,20,5.2,1.9,
2024/04/12,0100 UTC,0,951.3,951.3,950.6,.7,20.9,17.9,21.2,20.8,18.1,17.8,84,81,83,29,4.1,.9,
2024/04/12,0200 UTC,0,951.6,951.6,951.3,.2,20.7,17.8,20.9,20.6,17.9,17.7,84,82,83,7,2.9,1.5,
2024/04/12,0300 UTC,0,951.6,951.7,951.6,,20,18.1,20.7,20,18.1,17.7,89,83,89,295,3.1,1.1,
2024/04/12,0400 UTC,0,951.3,951.6,951.3,,19.8,18.3,20,19.8,18.4,18.1,91,89,91,139,1.7,0,
2024/04/12,0500 UTC,0,951,951.3,951,,19.7,18.5,19.8,19.5,18.5,18.3,93,91,93,254,0,0,
2024/04/12,0600 UTC,0,950.5,951.1,950.5,,19.6,18.2,19.8,19.6,18.5,18.1,93,91,91,161,0,0,
2024/04/12,0700 UTC,0,950.2,950.5,950.1,,19.2,18.2,19.6,19.2,18.4,18,94,91,94,227,0,0,
2024/04/12,0800 UTC,0,950.2,950.3,950.1,,19.1,18.2,19.2,19.1,18.3,18.2,95,94,95,196,.1,0,
2024/04/12,0900 UTC,0,950.8,950.8,950.2,,19.2,17.9,19.4,19,18.3,17.9,95,92,92,174,2.7,1.1,
2024/04/12,1000 UTC,.2,951.1,951.2,950.8,7.5,18.6,17.9,19.2,18.6,18,17.8,95,92,95,241,2.9,.7,
2024/04/12,1100 UTC,0,951.6,951.6,951.1,92.2,18.9,18.1,18.9,18.6,18.2,17.9,96,95,96,193,2.2,.8,
2024/04/12,1200 UTC,0,951.9,951.9,951.5,222.4,19.2,18.4,19.2,18.9,18.5,18.1,96,95,95,222,2.3,1.1,
2024/04/12,1300 UTC,.2,952.2,952.2,951.9,222.5,19.2,18.5,19.3,19,18.5,18.2,96,95,95,215,2.4,.7,
2024/04/12,1400 UTC,1,952.1,952.3,952.1,547.9,20,19,20,19.2,19.1,18.5,96,94,94,178,2.2,.7,
2024/04/12,1500 UTC,0,951.5,952.1,951.5,1123.1,21.1,19.2,21.2,20,19.7,18.8,94,89,89,52,1.8,.3,
2024/04/12,1600 UTC,0,951,951.6,951,1111.1,21.5,19.6,22.4,21,20.7,19,92,86,89,13,3.4,1.4,
2024/04/12,1700 UTC,.4,950.7,951,950.7,787.6,21.8,19.6,21.9,21,20.1,19.3,91,86,87,121,3.3,.5,
2024/04/12,1800 UTC,0,950.2,950.7,950.2,610.7,22.4,19.5,22.5,21.8,20.3,19,89,82,83,78,2.5,1.1,
2024/04/12,1900 UTC,1,949.6,950.2,949.6,417.7,21.3,19.7,22.4,21,19.7,19.1,91,82,91,356,3.9,1.4,
2024/04/12,2000 UTC,0,949.4,949.6,949.4,450.1,21.3,19.7,22,21.3,20,19.5,91,86,90,202,2.8,.8,
2024/04/12,2100 UTC,0,949.3,949.6,949.3,98.1,21,19.7,21.3,21,19.9,19.7,93,90,92,274,2.8,.1,
2024/04/12,2200 UTC,0,949.6,949.6,949.3,6,20.9,19.2,21.3,20.9,19.7,19,92,87,90,303,2.4,.4,
2024/04/12,2300 UTC,0,950.2,950.2,949.6,1.8,20.7,19,20.9,20.5,19.7,19,94,90,90,29,5.1,2.5,
2024/04/13,0000 UTC,.2,950.7,950.7,950.2,1.6,20.3,18.7,20.7,20.2,19,18.7,93,89,90,17,5.9,2.4,
2024/04/13,0100 UTC,0,950.7,950.9,950.7,1.3,20.2,18.6,20.4,20.1,18.8,18.6,92,90,90,350,4.9,1.2,
2024/04/13,0200 UTC,.2,950.9,951.1,950.7,,19.8,18.7,20.2,19.8,18.8,18.5,93,90,93,6,3.7,1.2,
2024/04/13,0300 UTC,.6,950.6,951,950.6,1.6,19.5,18.8,19.8,19.5,18.8,18.7,95,93,95,198,2.2,0,
2024/04/13,0400 UTC,.2,950.2,950.6,950.2,1.4,19.7,19,19.7,19.5,19,18.8,96,95,96,346,1.7,.8,
2024/04/13,0500 UTC,.2,949.9,950.2,949.9,1.1,19.6,18.9,19.8,19.6,19.1,18.9,96,95,96,229,2.3,0,
2024/04/13,0600 UTC,.4,949.6,949.9,949.6,1.5,19.7,19,19.7,19.6,19.1,18.9,96,96,96,16,1.3,.7,
2024/04/13,0700 UTC,.6,949.3,949.6,949.3,.9,19.8,19.1,19.8,19.6,19.1,19,96,96,96,311,2.4,1.4,
2024/04/13,0800 UTC,0,949.1,949.3,949,,19.9,19,19.9,19.8,19.1,18.9,96,95,95,301,2.5,1,
2024/04/13,0900 UTC,.4,949.4,949.5,949,1,19.7,18.9,20,19.7,19,18.9,96,94,96,314,2.2,0,
2024/04/13,1000 UTC,.2,950,950,949.4,4.9,19.8,19.1,19.9,19.7,19.1,18.9,96,95,95,30,2.2,0,
2024/04/13,1100 UTC,0,950.2,950.3,949.9,113.3,20.1,19.2,20.1,19.8,19.2,19.1,95,94,94,14,1.5,0,
2024/04/13,1200 UTC,0,950.7,950.7,950.2,320.2,20.8,19.5,20.8,20.1,19.6,19.2,94,92,92,45,1.8,0,
2024/04/13,1300 UTC,0,951,951.1,950.7,558.1,21.1,19.3,21.4,20.8,19.6,18.9,92,87,90,285,2.1,.8,
2024/04/13,1400 UTC,0,950.6,951.1,950.6,780.9,22.3,19.7,22.4,21.1,20,18.9,91,85,85,195,1.9,.2,
2024/04/13,1500 UTC,0,949.5,950.6,949.5,1530.9,22.8,19.3,23.2,22.2,20,18.9,85,78,81,347,5,1.9,
2024/04/13,1600 UTC,0,948.8,949.5,948.8,844.1,23.1,19.2,23.3,22.7,19.8,18.9,82,78,79,308,4.5,1.3,
2024/04/13,1700 UTC,0,948.1,948.8,948.1,592.7,23.1,19.6,23.4,23,20.1,18.8,82,77,81,147,3.6,.8,
2024/04/13,1800 UTC,0,947.5,948.1,947.5,519.3,22.8,20,23.5,22.8,20.4,19.4,84,80,84,212,2.9,.3,
2024/04/13,1900 UTC,0,946.9,947.5,946.8,302.8,22.5,20.3,22.8,22.5,20.5,19.9,88,84,87,178,2.1,.9,
2024/04/13,2000 UTC,0,946.8,946.9,946.6,233.4,22.1,20.5,22.5,22.1,20.6,20.2,91,87,91,174,2.9,1.1,
2024/04/13,2100 UTC,0,946.8,946.8,946.7,82.9,21.9,20.5,22.1,21.9,20.6,20.4,92,90,92,254,2.3,0,
2024/04/13,2200 UTC,0,946.9,946.9,946.6,.5,22,19.6,22.1,21.8,20.5,19.6,92,86,86,63,3.3,1.4,
2024/04/13,2300 UTC,0,947.5,947.5,946.9,,21.7,19.3,22.1,21.6,19.6,19.3,87,85,86,55,4.4,2.3,
2024/04/14,0000 UTC,0,947.6,947.7,947.4,.1,21.4,19.2,21.7,21.4,19.3,19.2,88,86,87,52,5.3,1.4,
2024/04/14,0100 UTC,0,947.8,947.8,947.6,.6,21.5,19,21.5,21.3,19.3,19,87,86,86,42,4.5,1.7,
2024/04/14,0200 UTC,0,947.9,948,947.8,0,21.2,19.1,21.5,21.2,19.1,19,88,86,88,54,3.1,1.4,
2024/04/14,0300 UTC,0,947.8,948.1,947.8,.2,20.4,19.3,21.2,20.4,19.4,19.1,94,88,94,231,2.7,.5,
2024/04/14,0400 UTC,1.4,947.6,947.9,947.6,1.7,20.1,19.3,20.4,20.1,19.5,19.3,96,94,96,209,1.2,0,
2024/04/14,0500 UTC,1.4,947.4,947.6,947.4,1.7,20.1,19.5,20.1,20,19.5,19.3,96,96,96,237,1.9,1.3,
2024/04/14,0600 UTC,1.8,947.1,947.4,947.1,1.5,20,19.4,20.2,20,19.5,19.4,96,96,96,190,1.9,0,
2024/04/14,0700 UTC,0,946.9,947.1,946.7,1,20,19.4,20.1,19.9,19.5,19.4,97,96,97,213,1.6,.1,
2024/04/14,0800 UTC,1.2,947,947.1,946.9,.2,19.9,19.3,20,19.9,19.4,19.3,97,97,97,138,1.9,1,
2024/04/14,0900 UTC,1.2,947.3,947.3,946.9,2.2,19.7,19.1,19.9,19.7,19.4,19.1,97,97,97,202,3,1.5,
2024/04/14,1000 UTC,2.6,947.7,947.7,947.2,2.6,19.7,19.1,19.7,19.6,19.2,19.1,97,97,97,206,3,0,
2024/04/14,1100 UTC,1,947.7,948.1,947.7,74.3,20.1,19.5,20.1,19.7,19.5,19.1,97,96,96,311,2.2,.8,
2024/04/14,1200 UTC,.4,948.1,948.1,947.3,280.6,20.6,19.5,20.6,20,19.5,19.2,96,93,94,34,4.7,.6,
2024/04/14,1300 UTC,0,947.9,948.2,947.8,471.2,21.3,19.4,21.3,20.5,19.7,19.4,94,89,89,21,3.9,1.6,
2024/04/14,1400 UTC,0,947.9,948.2,947.9,181.2,21.2,19.9,21.4,21.1,20,19.3,93,88,92,300,2.6,0,
2024/04/14,1500 UTC,0,947.4,947.9,947.4,555.6,21.3,19.6,21.4,21.2,20,19.5,93,90,90,351,4.2,2.1,
2024/04/14,1600 UTC,.6,947.1,947.5,947.1,259.4,20.8,19.8,21.6,20.7,20.2,19.5,94,90,94,204,3.3,.9,
2024/04/14,1700 UTC,1.4,946.5,947.1,946.5,404.6,20.9,19.9,21.1,20.7,20.1,19.7,95,94,94,173,2.1,.3,
2024/04/14,1800 UTC,.4,946.2,946.5,946.2,413.3,21.2,20,21.6,20.9,20.5,19.9,94,92,93,209,2.1,.8,
2024/04/14,1900 UTC,.2,946.1,946.4,946.1,174.9,20.8,20,21.2,20.7,20.1,19.9,95,93,95,214,2,.4,
2024/04/14,2000 UTC,.2,946.1,946.2,946,174.9,20.6,19.6,21.2,20.6,20.2,19.6,95,93,94,212,2.2,1.1,
2024/04/14,2100 UTC,.8,946.2,946.2,946.1,43.2,20.4,19.7,20.6,20.4,19.7,19.6,96,94,96,241,2.2,0,
2024/04/14,2200 UTC,.2,946.5,946.5,946.2,1.4,20.6,19.8,20.6,20.4,19.9,19.6,96,95,95,326,1.9,.2,
2024/04/14,2300 UTC,0,947.1,947.1,946.5,2.3,20.6,19.6,20.7,20.6,19.8,19.5,95,92,94,16,2.2,0,
2024/04/15,0000 UTC,0,947.2,947.3,947.1,1.5,20.6,19.7,20.6,20.4,19.8,19.5,96,94,95,336,2.4,.8,
2024/04/15,0100 UTC,0,947.5,947.5,947.2,1.8,20.2,19.6,20.6,20.2,19.7,19.4,96,93,96,79,2.4,0,
2024/04/15,0200 UTC,0,947.7,947.7,947.5,.5,20.2,19.6,20.3,20.2,19.7,19.6,96,96,96,126,0,0,
2024/04/15,0300 UTC,0,947.4,947.7,947.4,,20.3,19.7,20.3,20.2,19.7,19.6,97,96,97,209,0,0,
2024/04/15,0400 UTC,0,947.4,947.5,947.3,.4,20.2,19.7,20.3,20.2,19.7,19.6,97,97,97,218,0,0,
2024/04/15,0500 UTC,0,947.4,947.5,947.4,.1,20.4,19.6,20.5,20.2,19.9,19.5,97,95,95,240,2.2,.4,
2024/04/15,0600 UTC,0,947.1,947.4,947.1,.2,20.2,19.5,20.4,20.2,19.5,19.5,96,95,96,191,1.4,0,
2024/04/15,0700 UTC,0,946.8,947.1,946.8,1.4,20.2,19.6,20.3,20.2,19.6,19.5,96,96,96,83,.8,0,
2024/04/15,0800 UTC,0,946.4,946.9,946.4,.9,20.1,19.5,20.2,20,19.6,19.4,96,96,96,14,0,0,
2024/04/15,0900 UTC,0,946.4,946.5,946.3,.1,20,19.4,20.1,20,19.6,19.4,97,96,97,188,0,0,
2024/04/15,1000 UTC,0,946.5,946.5,946.3,8.2,20.2,19.4,20.2,20,19.6,19.4,97,95,95,281,2,.3,
2024/04/15,1100 UTC,0,947,947,946.5,103.3,20.4,19.7,20.4,20.2,19.7,19.4,96,95,96,171,1.2,0,
2024/04/15,1200 UTC,0,947,947.1,947,381,21.2,19.9,21.4,20.4,20.3,19.7,96,92,92,160,1.3,.5,
2024/04/15,1300 UTC,0,947.3,947.3,947,472.7,22,19.6,22.2,21.2,20.3,19.3,92,85,87,10,2.8,1.3,
2024/04/15,1400 UTC,0,947.5,947.5,947.3,400.9,22.3,19.5,22.4,22,20.1,19.4,87,84,84,354,3.5,1.9,
2024/04/15,1500 UTC,0,947.2,947.5,947.2,360.5,21.6,20.2,22.4,21.6,20.3,19.4,92,84,91,155,3,.8,
2024/04/15,1600 UTC,.4,946.6,947.2,946.6,347,22.1,20.3,22.1,21.6,20.6,20.1,92,89,90,14,3.5,1.8,
2024/04/15,1700 UTC,0,946,946.6,946,465,22.3,20.2,22.4,22,20.7,20,90,86,88,28,3.5,1.4,
2024/04/15,1800 UTC,.4,945.8,946,945.8,253.2,21.6,20.3,22.3,21.5,20.3,20,93,87,93,359,3.4,1.4,
2024/04/15,1900 UTC,.2,945.8,945.8,945.7,179.8,21.6,20.5,21.7,21.5,20.5,20.3,93,93,93,286,3.1,.4,
2024/04/15,2000 UTC,2.8,946.2,946.2,945.8,99.3,21.2,20.3,21.6,21.2,20.6,20.2,95,93,95,12,1.2,.1,
2024/04/15,2100 UTC,.8,946.2,946.2,946.1,42.3,21,20,21.2,21,20.4,20,95,94,94,33,2.1,.6,
2024/04/15,2200 UTC,2,946.8,946.8,946.2,1.7,20.6,19.8,21,20.6,20,19.8,95,94,95,323,2.1,0,
2024/04/15,2300 UTC,1.2,947.3,947.3,946.8,.4,20.5,19.8,20.7,20.5,19.9,19.8,96,95,96,182,.6,0,
2024/04/16,0000 UTC,.8,947.9,947.9,947.3,1.5,20.7,20,20.7,20.5,20,19.8,96,96,96,247,1.8,1.1,
2024/04/16,0100 UTC,5,948.4,948.4,947.9,.7,20.4,19.7,20.7,20.3,20,19.6,96,95,96,240,1.8,0,
2024/04/16,0200 UTC,.8,948.2,948.4,948.2,1.3,20.3,19.7,20.4,20.3,19.8,19.7,96,96,96,229,0,0,
2024/04/16,0300 UTC,.2,947.7,948.2,947.7,.7,20.3,19.7,20.4,20.3,19.7,19.7,96,96,96,245,0,0,
2024/04/16,0400 UTC,0,947.7,947.7,947.6,.3,20.3,19.7,20.4,20.3,19.8,19.7,96,96,96,226,0,0,
2024/04/16,0500 UTC,0,947,947.7,947,.5,20.3,19.7,20.4,20.3,19.8,19.7,96,96,96,84,0,0,
2024/04/16,0600 UTC,0,946.6,947,946.6,1.2,20.3,19.8,20.4,20.3,19.8,19.7,97,96,97,206,0,0,
2024/04/16,0700 UTC,0,946.8,946.8,946.6,1.7,20.4,19.8,20.4,20.3,19.9,19.8,97,97,97,174,0,0,
2024/04/16,0800 UTC,1.6,947.2,947.2,946.8,1,20.4,19.8,20.5,20.4,19.9,19.8,97,97,97,322,0,0,
2024/04/16,0900 UTC,0,947.2,947.3,947.1,1.9,20.4,19.8,20.5,20.4,19.9,19.8,97,97,97,258,0,0,
2024/04/16,1000 UTC,.2,947.4,947.4,947.2,4.4,20.5,19.9,20.5,20.4,20,19.8,97,97,97,285,0,0,
2024/04/16,1100 UTC,0,947.8,947.8,947.4,66.5,20.9,20.3,20.9,20.5,20.3,19.9,97,96,96,93,0,0,
2024/04/16,1200 UTC,0,948.1,948.1,947.8,312.7,21.6,20.5,21.6,20.8,20.7,20.3,96,93,93,26,2.7,1.4,
2024/04/16,1300 UTC,.2,947.9,948.1,947.9,639.9,22.3,20.7,22.4,21.6,20.9,20.2,93,90,90,13,3.3,1.6,
2024/04/16,1400 UTC,.2,947.6,947.9,947.6,838.7,22.9,20.7,23.1,22.3,21.2,20.5,91,87,87,3,5.3,2.6,
2024/04/16,1500 UTC,.2,947,947.6,947,549.1,22.7,21,23.2,22.7,21.1,20.7,90,86,90,8,5.3,2.3,
2024/04/16,1600 UTC,1.2,946.6,947,946.6,517.4,22.7,21.1,23.1,22.7,21.5,21,91,89,91,10,4,1.6,
2024/04/16,1700 UTC,.2,945.7,946.6,945.7,406.9,23.1,21.3,23.1,22.7,21.6,21.1,92,90,90,26,2.6,.3,
2024/04/16,1800 UTC,.2,945.9,946,945.7,383.6,22.7,21.4,23.2,22.7,21.8,21.1,93,88,92,165,2,1.1,
2024/04/16,1900 UTC,.8,945.2,945.9,945.2,304.9,22.6,21.5,22.8,22.5,21.5,21.3,94,92,94,340,2.3,.4,
2024/04/16,2000 UTC,.2,944.4,945.2,944.2,212,22.7,21.2,22.9,22.6,21.8,21.1,94,90,92,35,3.4,1.9,
2024/04/16,2100 UTC,0,944,944.4,943.8,63.6,22.4,20.5,22.7,22.3,21.2,20.5,92,89,89,356,4.5,2.6,
2024/04/16,2200 UTC,0,945.3,945.3,944,3.9,21.6,19.9,22.5,21.6,20.5,19.8,90,86,90,44,4.6,.4,
2024/04/16,2300 UTC,0,946.4,946.4,945.3,.7,20.9,20.2,21.6,20.7,20.2,19.7,96,90,96,210,1.8,0,
2024/04/17,0000 UTC,1.2,946.8,946.8,946.3,1.9,21.1,20.4,21.1,20.9,20.4,20.1,96,96,96,170,1,.1,
2024/04/17,0100 UTC,3.2,946.7,947.6,946.6,1.9,20.6,19.6,21.2,20.6,20.6,19.6,96,93,94,147,4.7,1.2,
2024/04/17,0200 UTC,.2,945.5,946.7,945.4,1.7,20.3,19,20.8,20.3,20,19,95,92,92,357,3.5,2,
2024/04/17,0300 UTC,2.8,946,946.4,945.5,1.3,19.9,19.2,20.5,19.7,19.2,18.8,96,91,96,106,3.7,.8,
2024/04/17,0400 UTC,.2,945.7,946.2,945.6,.7,19.9,19.3,20,19.9,19.3,19.2,96,96,96,208,3,.3,
2024/04/17,0500 UTC,0,945.2,945.7,945.2,1.6,19.7,19,19.9,19.6,19.3,19,96,96,96,174,1.2,.6,
2024/04/17,0600 UTC,.4,944.8,945.2,944.7,.3,19.6,19,19.8,19.6,19.1,19,96,96,96,196,2.6,.8,
2024/04/17,0700 UTC,.6,944.6,944.8,944.5,.6,19.6,19,19.6,19.5,19,18.9,96,96,96,218,3,.1,
2024/04/17,0800 UTC,0,944.7,944.7,944.5,.4,19.6,19,19.7,19.5,19,18.9,96,96,96,302,1.1,0,
2024/04/17,0900 UTC,0,945.3,945.3,944.7,,19.5,18.9,19.8,19.3,19.2,18.7,96,96,96,173,2.7,1,
2024/04/17,1000 UTC,0,946.3,946.3,945.3,11.5,20.1,18.1,20.3,19.5,19.1,18.1,96,88,89,192,4.7,2.1,
2024/04/17,1100 UTC,.2,947.3,947.3,946.3,250.2,19.9,16.1,20.3,19.8,18.2,16.1,89,79,79,165,8.3,4,
2024/04/17,1200 UTC,0,947.9,948.1,947.3,663.6,20.1,15.4,20.1,19.5,16.5,15.4,82,75,75,200,9.4,3.6,
2024/04/17,1300 UTC,0,948.4,948.4,947.9,1178.8,19.6,15.1,20.6,19.3,16.1,14.1,76,71,75,178,10.8,4.2,
2024/04/17,1400 UTC,0,948.3,948.6,948.2,1926.2,20.9,14.9,20.9,19.6,15.3,13.7,76,64,69,189,8.4,4.1,
2024/04/17,1500 UTC,0,947.9,948.3,947.9,3012.2,21.5,13.3,22.2,20.7,15.4,13.3,69,59,59,182,8.1,3.9,
2024/04/17,1600 UTC,0,947.1,947.9,947.1,3075.5,22.6,13.3,22.7,21.3,14.8,12.6,64,55,56,182,9.9,2.7,
2024/04/17,1700 UTC,0,946.6,947.1,946.6,2809.1,22.9,12.6,23.4,22.3,13.9,11.9,57,50,52,185,9,3.1,
2024/04/17,1800 UTC,0,946.4,946.6,946.3,2463.8,23.5,11.8,24,22.7,13.4,11.3,53,46,48,173,9,3.2,
2024/04/17,1900 UTC,0,946.5,946.5,946.4,1866.7,22.7,9.4,23.7,22.6,12.5,8.5,50,39,43,169,10.1,3.8,
2024/04/17,2000 UTC,0,946.7,946.7,946.5,1095.5,22.2,10.2,22.9,21.9,10.6,8.8,48,41,47,175,9.3,2.6,
2024/04/17,2100 UTC,0,947.3,947.3,946.7,250.2,18.8,11.6,22.2,18.8,12.2,9.9,64,46,63,202,5.8,1.1,
2024/04/17,2200 UTC,0,947.8,947.8,947.3,,15.6,12.7,18.8,15.6,12.7,11.6,83,63,83,169,3.4,1,
2024/04/17,2300 UTC,0,948.6,948.6,947.8,,14.2,12.4,16.2,14.2,12.7,11.7,89,75,89,163,3.7,.9,
2024/04/18,0000 UTC,0,949.3,949.3,948.6,,13.2,12.2,14.2,13.2,12.8,12.1,94,89,94,221,1.7,0,
2024/04/18,0100 UTC,0,950.2,950.2,949.3,,12.8,12,13.4,12.7,12.5,11.8,95,94,95,295,1.4,.3,
2024/04/18,0200 UTC,0,950.7,950.7,950.2,,12.2,11.6,12.9,12.2,12.1,11.6,96,95,96,219,2,0,
2024/04/18,0300 UTC,0,950.6,950.8,950.6,,11.7,11.2,12.4,11.7,11.8,11.1,97,96,96,175,1.6,.5,
2024/04/18,0400 UTC,0,950.7,950.8,950.6,,10.8,10.3,11.7,10.6,11.2,10.1,97,96,97,207,1.5,0,
2024/04/18,0500 UTC,.2,950.3,950.8,950.3,,10.1,9.7,10.8,10,10.3,9.6,97,97,97,55,0,0,
2024/04/18,0600 UTC,0,950.1,950.3,950.1,,10,9.6,10.3,9.9,9.9,9.5,98,97,98,134,1.1,.2,
2024/04/18,0700 UTC,0,950.3,950.3,950.1,,9.5,9.1,10,9.5,9.6,9.1,98,98,98,184,1.2,0,
2024/04/18,0800 UTC,0,950.4,950.4,950.2,,8.6,8.3,9.5,8.6,9.1,8.3,98,98,98,181,1.2,0,
2024/04/18,0900 UTC,0,950.9,950.9,950.4,,8.4,8.1,8.6,8.4,8.3,8,98,98,98,110,0,0,
2024/04/18,1000 UTC,.2,951.4,951.4,950.9,10.3,8.1,7.8,8.5,8.1,8.1,7.8,98,98,98,112,1.5,0,
2024/04/18,1100 UTC,0,952,952,951.4,398.4,9.5,9.2,9.6,8.1,9.2,7.8,98,98,98,125,1.5,0,
2024/04/18,1200 UTC,0,952.1,952.2,952,1298.1,13.1,12.5,13.3,9.4,12.9,9.1,98,96,96,143,1.4,.5,
2024/04/18,1300 UTC,0,952.2,952.2,952.1,2006.5,17.7,9.8,17.7,13.1,12.8,9.8,96,60,60,152,4.7,2.6,
2024/04/18,1400 UTC,0,952.1,952.2,952.1,2565.5,20.1,10.3,20.1,17.6,10.7,8.8,63,50,53,182,4.9,1.3,
2024/04/18,1500 UTC,0,951.4,952.1,951.4,2920.1,20.8,8.9,21.3,19.1,10.6,8.2,54,45,47,196,5.1,1.4,
2024/04/18,1600 UTC,0,950.3,951.4,950.3,3057,21.7,7.4,22.5,20.8,10.7,6.2,50,37,40,127,6.9,3.5,
2024/04/18,1700 UTC,0,949.8,950.4,949.8,2910.7,22.8,6.5,23.8,21.7,9.3,6.5,42,34,35,190,6.1,3.1,
2024/04/18,1800 UTC,0,949.3,949.8,949.2,2499.7,23.4,7.9,23.4,22.5,8.6,6.2,40,34,37,185,7.4,3.3,
2024/04/18,1900 UTC,0,949.1,949.3,949.1,1841.7,23,8.4,23.5,22.7,8.8,6.9,40,35,39,156,7.7,2,
2024/04/18,2000 UTC,0,949,949.1,949,1050.2,22.6,8.6,23.5,22.6,9.9,7.9,44,38,41,188,5.2,1.5,
2024/04/18,2100 UTC,0,949.2,949.2,949,230,18.5,11,22.6,18.5,11.8,8.6,62,41,62,242,3.6,.1,
2024/04/18,2200 UTC,0,949.6,949.6,949.2,,16.1,12.2,18.5,16.1,12.7,11.5,78,62,78,305,2.4,.2,
2024/04/18,2300 UTC,0,949.9,949.9,949.6,,14.1,12.5,16.1,14.1,12.7,12.1,90,78,90,76,2.8,.2,
2024/04/19,0000 UTC,0,950.4,950.4,949.8,,12.9,12,14.1,12.9,12.5,11.9,94,90,94,18,1.3,.4,
2024/04/19,0100 UTC,0,951,951,950.4,,11.9,11.1,12.9,11.9,11.9,11,95,94,95,195,1.3,.1,
2024/04/19,0200 UTC,0,951.3,951.3,951,,11.3,10.6,12.2,11.2,11.5,10.5,96,94,95,310,1.9,.1,
2024/04/19,0300 UTC,0,951.2,951.4,951.2,,10.9,10.3,11.4,10.7,10.7,9.9,96,95,96,308,1.8,1,
2024/04/19,0400 UTC,0,951.3,951.3,951.2,,9.9,9.4,10.9,9.8,10.3,9.2,96,95,96,126,1.8,.3,
2024/04/19,0500 UTC,0,950.8,951.3,950.8,,9.5,9.1,10.1,9.5,9.6,9.1,97,96,97,30,1.1,0,
2024/04/19,0600 UTC,0,950.5,950.8,950.5,,9.1,8.7,9.6,8.8,9.2,8.4,97,97,97,101,1.3,0,
2024/04/19,0700 UTC,0,950.3,950.8,950.3,,8.6,8.3,9.1,8.4,8.7,8.1,97,97,97,277,1.2,0,
2024/04/19,0800 UTC,0,950.2,950.3,949.9,,8,7.7,8.7,8,8.3,7.7,98,97,97,136,1,.2,
2024/04/19,0900 UTC,.2,950.5,950.5,950.1,,7.6,7.3,8,7.5,7.6,7.2,98,97,98,98,.8,0,
2024/04/19,1000 UTC,0,951.3,951.3,950.5,16.1,7.4,7.1,7.6,7.2,7.3,6.9,98,98,98,13,0,0,
2024/04/19,1100 UTC,0,951.9,951.9,951.3,314.1,9.1,8.7,9.1,7.4,8.7,7.1,98,98,98,78,.8,.1,
2024/04/19,1200 UTC,0,952.2,952.2,951.8,1348.1,13.2,12.6,13.2,9.1,12.6,8.8,98,96,96,89,.9,0,
2024/04/19,1300 UTC,0,952.3,952.3,952.2,2018,17,11.2,17,13.2,12.6,10.4,96,66,68,206,1.6,0,
2024/04/19,1400 UTC,0,952.1,952.3,952.1,2552.5,19.9,12.2,20.1,16.9,12.7,9.4,69,59,61,202,2.4,.7,
2024/04/19,1500 UTC,0,951.4,952.1,951.4,2950.4,20.8,9.3,21,19.2,12.5,8.8,63,46,48,341,3.5,1.2,
2024/04/19,1600 UTC,0,950.7,951.4,950.6,3076,21.9,9.6,23,20.8,11,7.3,50,40,45,358,4.1,1.6,
2024/04/19,1700 UTC,0,950,950.7,950,2913.7,23,10.5,23.2,21.6,11.5,9,49,42,45,304,4.8,1.2,
2024/04/19,1800 UTC,0,949.6,950,949.6,2488.2,22.9,10.6,23.8,22.5,12.3,9.8,50,42,46,349,4.2,2,
2024/04/19,1900 UTC,0,949.5,949.6,949.5,1812.7,24,11.3,24,22.9,12,10.4,48,44,45,283,3.8,.4,
2024/04/19,2000 UTC,0,949.6,949.7,949.5,1020.5,22.2,11.7,24.3,22.2,12.5,11.1,53,45,51,174,3.6,1.1,
2024/04/19,2100 UTC,0,950,950,949.6,227.8,18.4,12.3,22.2,18.4,12.7,11.4,68,51,68,182,2.7,.9,
2024/04/19,2200 UTC,0,950.7,950.7,950,,16.4,12.7,18.4,16.2,13.2,12.4,80,68,79,269,3.3,1.8,
2024/04/19,2300 UTC,0,951.3,951.3,950.7,,14.5,12.2,16.4,14.5,12.7,12.2,87,79,86,313,3.3,.3,
2024/04/20,0000 UTC,0,951.7,951.7,951.3,,13.6,12.5,14.6,13.3,12.5,12.1,93,86,93,269,2.1,.7,
2024/04/20,0100 UTC,0,952.1,952.1,951.7,,12.6,11.8,13.7,12.6,12.5,11.7,95,92,95,161,2.2,0,
2024/04/20,0200 UTC,0,952.2,952.2,952,,11.7,11.1,12.7,11.7,12,11.1,96,95,96,184,1.3,.1,
2024/04/20,0300 UTC,0,952.2,952.2,952.1,,11.3,10.8,11.9,11.2,11.3,10.7,97,96,97,122,.7,0,
2024/04/20,0400 UTC,0,952.1,952.2,952.1,,10.6,10.2,11.3,10.6,10.7,10.2,97,97,97,323,.5,0,
2024/04/20,0500 UTC,0,951.9,952.1,951.9,,10.9,10.5,11,10.5,10.6,10.1,97,97,97,140,.4,0,
2024/04/20,0600 UTC,.2,951.8,951.9,951.7,,10.6,10.2,10.9,10.6,10.5,10.2,98,97,98,231,1.1,.4,
2024/04/20,0700 UTC,0,951.7,951.8,951.7,,10.4,10,10.7,10.3,10.3,9.9,98,98,98,275,1.3,.4,
2024/04/20,0800 UTC,0,951.9,951.9,951.6,,10.3,9.9,10.5,10.2,10.1,9.8,98,98,98,264,1.3,.7,
2024/04/20,0900 UTC,0,952.5,952.5,951.9,,10.2,9.8,10.3,10,9.9,9.7,98,98,98,310,1.3,.7,
2024/04/20,1000 UTC,0,952.8,952.8,952.5,9,10.4,10,10.5,10.1,10.1,9.7,98,98,98,37,1.3,.2,
2024/04/20,1100 UTC,0,953.4,953.4,952.8,178.6,10.7,10.3,10.8,10.2,10.4,9.9,98,98,98,49,1.7,.3,
2024/04/20,1200 UTC,0,953.8,953.8,953.4,550.9,11.8,11.4,11.8,10.7,11.4,10.3,98,97,97,151,1.5,.1,
2024/04/20,1300 UTC,0,953.5,953.9,953.5,1413.7,14.2,13.8,14.3,11.6,13.8,11.2,98,97,97,277,1.7,.8,
2024/04/20,1400 UTC,0,952.9,953.5,952.9,2543.8,18.8,13,19,14.2,17.5,12.9,97,68,69,8,3.8,2.2,
2024/04/20,1500 UTC,0,952,952.9,952,2887,21,12.3,21,18.8,13.7,11.8,71,57,58,7,5.8,2.9,
2024/04/20,1600 UTC,0,950.8,952,950.8,3013.1,21.7,12.2,22,20.6,12.5,11,59,53,55,28,5.8,3.3,
2024/04/20,1700 UTC,0,950,950.8,950,2858.2,22.7,12.4,22.7,21.5,12.4,11.1,55,50,52,5,5.6,1.8,
2024/04/20,1800 UTC,0,949.3,950,949.3,2450.6,23.1,11.6,23.3,22.3,12.6,10.8,52,46,48,27,5.3,2,
2024/04/20,1900 UTC,0,949.1,949.3,949,1806.9,23.4,11.1,23.8,23.1,12,10.1,49,42,46,23,4.6,2.3,
2024/04/20,2000 UTC,0,949.1,949.1,949,1017.5,23.1,11.9,24,23,12.1,10.6,50,43,49,340,3.6,1.2,
2024/04/20,2100 UTC,0,949.4,949.5,949.1,219,19.1,14.8,23.3,19.1,14.8,11.6,76,47,76,199,2.6,.5,
2024/04/20,2200 UTC,0,950.1,950.1,949.4,,16.7,14.6,19.1,16.7,15,14.5,88,76,88,104,2,0,
2024/04/20,2300 UTC,0,950.8,950.8,950.1,,15.5,13.8,17,15.3,14.6,13.5,90,84,90,322,2.2,.4,
2024/04/21,0000 UTC,0,951.1,951.1,950.7,,15.4,13.4,15.6,14.7,14,13.2,92,88,88,308,2.8,1.3,
2024/04/21,0100 UTC,0,951.3,951.3,951.1,,13.8,12.9,15.3,13.8,13.5,12.8,94,88,94,77,2.3,0,
2024/04/21,0200 UTC,0,951.3,951.4,951.2,,12.9,12.3,13.8,12.9,12.9,12.3,96,94,96,154,.5,0,
2024/04/21,0300 UTC,0,951,951.3,951,,12.6,12.1,12.9,12.6,12.4,12.1,97,96,97,266,1.7,.5,
2024/04/21,0400 UTC,0,950.7,951.1,950.7,,12.1,11.7,12.6,11.8,12.1,11.3,97,97,97,279,1.2,0,
2024/04/21,0500 UTC,0,950.6,950.7,950.5,.3,12.8,12.4,12.9,12.1,12.5,11.7,97,97,97,146,1,.3,
2024/04/21,0600 UTC,0,950.2,950.6,950.2,0,13.4,13,13.4,12.7,13,12.4,97,97,97,308,1,0,
2024/04/21,0700 UTC,0,949.8,950.2,949.8,.3,13.9,13.4,13.9,13.3,13.5,12.9,97,97,97,225,.6,0,
2024/04/21,0800 UTC,0,949.8,949.9,949.8,.4,14.2,13.7,14.2,13.9,13.8,13.5,97,97,97,191,.9,0,
2024/04/21,0900 UTC,0,950,950,949.7,.9,14.6,13.9,14.6,14.2,14,13.7,97,96,96,169,1.1,.1,
2024/04/21,1000 UTC,0,950.7,950.7,950,8.9,14.6,13.9,14.6,14.5,14,13.8,96,96,96,207,1.1,0,
2024/04/21,1100 UTC,0,951,951,950.7,266.7,15.5,14.5,15.5,14.6,14.5,13.9,96,94,94,160,0,0,
2024/04/21,1200 UTC,0,951.3,951.3,951,822,17.8,15,17.8,15.4,15,14.2,94,83,84,100,1.6,.6,
2024/04/21,1300 UTC,0,951.1,951.4,951.1,1378,18.2,14,19,17.7,14.9,13.3,84,71,76,210,4,.7,
2024/04/21,1400 UTC,0,950.5,951.1,950.5,2342.9,20.3,13.9,20.9,18.1,14.5,13.2,76,63,66,70,3.7,1.9,
2024/04/21,1500 UTC,0,949.4,950.5,949.4,2877.3,22.2,14.5,22.5,20.4,14.9,13.1,67,61,62,37,3.7,1.8,
2024/04/21,1600 UTC,0,948.2,949.4,948.2,2988.1,24,15.1,24,22.1,15.5,14.2,63,57,57,28,4.2,1.6,
2024/04/21,1700 UTC,0,947.2,948.2,947.2,2832.7,25.4,15.1,25.6,23.8,15.6,14.8,58,53,53,45,4.1,1.7,
2024/04/21,1800 UTC,0,946.5,947.2,946.5,2407.9,26.4,15.5,26.6,25.2,16.1,15.1,55,50,51,301,4,.7,
2024/04/21,1900 UTC,0,946.4,946.5,946.3,1760,26.4,15.1,27.1,26.1,16.2,14.9,53,49,50,327,3.3,.9,
2024/04/21,2000 UTC,0,946.3,946.4,946.2,993.2,25.5,16,26.6,25.5,16.4,15.3,57,50,56,338,3.1,1.3,
2024/04/21,2100 UTC,0,946.6,946.6,946.3,208.2,21.5,16.4,25.5,21.5,16.7,15.7,73,55,73,359,3.4,.8,
2024/04/21,2200 UTC,0,947.1,947.1,946.6,,18.7,16.3,21.5,18.7,16.9,16,86,73,86,157,1.4,0,
2024/04/21,2300 UTC,0,947.7,947.7,947.1,,17.5,16.1,18.9,17.5,16.9,16,92,86,92,122,1.3,0,
2024/04/22,0000 UTC,0,947.8,947.9,947.7,,16.5,15.4,17.5,16.5,16.5,15.4,95,92,93,88,1.7,0,
2024/04/22,0100 UTC,0,948,948.1,947.8,,15.5,14.7,16.5,15.5,15.7,14.7,96,93,95,4,1.5,.2,
2024/04/22,0200 UTC,0,948.1,948.2,948,,14.5,13.9,15.5,14.5,14.6,13.9,97,95,97,77,1.1,0,
2024/04/22,0300 UTC,0,948.2,948.2,948.1,,13.8,13.3,14.5,13.8,13.9,13.3,97,97,97,125,2,0,
2024/04/22,0400 UTC,.2,947.8,948.2,947.8,,13.6,13.1,14,13.6,13.5,13.1,97,97,97,42,0,0,
2024/04/22,0500 UTC,0,947.5,947.8,947.5,,13.6,13.2,13.7,13.4,13.3,13,97,97,97,73,.8,.1,
2024/04/22,0600 UTC,0,946.7,947.6,946.7,,13.4,13,13.6,13.2,13.2,12.8,97,97,97,227,1.2,.1,
2024/04/22,0700 UTC,0,946.6,946.9,946.5,,13.9,13.5,13.9,13.3,13.5,12.9,97,97,97,273,1.3,0,
2024/04/22,0800 UTC,0,946.6,946.7,946.3,0,14.1,13.7,14.2,13.9,13.7,13.5,97,97,97,2,2.2,.2,
2024/04/22,0900 UTC,.2,946.8,946.8,946.5,.7,14,13.6,14.3,13.9,13.8,13.5,97,97,97,326,2.5,0,
2024/04/22,1000 UTC,0,947.5,947.5,946.8,9.2,14.6,14.2,14.6,14,14.2,13.6,97,97,97,257,1.4,0,
2024/04/22,1100 UTC,0,947.5,947.7,947.3,120,14.8,14.4,15,14.6,14.6,14.1,97,97,97,67,2.7,1.4,
2024/04/22,1200 UTC,0,948.6,948.6,947.3,420.2,15.6,15.1,15.6,14.7,15.1,14.3,97,97,97,220,3.1,1.6,
2024/04/22,1300 UTC,0,949,949,948.6,443.6,16.5,16,16.5,15.5,16,15.1,97,97,97,185,3.1,1.2,
2024/04/22,1400 UTC,0,948.7,949,948.7,1218.9,18.1,17.7,18.2,16.5,17.7,16,97,97,97,208,4.4,2,
2024/04/22,1500 UTC,0,947.4,948.7,947.4,1704.5,19.5,16,20,17.8,17.6,15.7,97,80,80,294,3.6,1.2,
2024/04/22,1600 UTC,0,946.4,947.4,946.4,2908.7,21.8,16.6,22.5,19.2,17.6,15.9,82,72,72,265,3.5,1.4,
2024/04/22,1700 UTC,0,945.5,946.4,945.5,2094,22.9,17.5,23.6,21.4,18.1,16.6,75,69,72,255,3,1,
2024/04/22,1800 UTC,0,945.1,945.5,945,1033.9,23,17.7,23.7,22.6,18.3,17,73,70,72,262,2.2,.9,
2024/04/22,1900 UTC,0,945,945.2,944.9,588.1,22.6,18.5,23.4,22.6,18.5,17.6,77,71,77,144,1.9,1,
2024/04/22,2000 UTC,0,945,945.1,944.8,442.8,22.3,18.9,22.7,22.3,18.9,18.3,81,77,81,161,2,.5,
2024/04/22,2100 UTC,0,945.3,945.3,944.7,124.7,19.9,18.2,22.3,19.9,19,18.2,90,81,90,231,1.6,.3,
2024/04/22,2200 UTC,0,945.7,945.7,945.3,,19.2,18.1,19.9,19.2,18.5,17.8,93,90,93,174,1.6,.2,
2024/04/22,2300 UTC,0,945.9,946,945.6,,19.3,18.2,19.3,18.9,18.4,17.9,95,93,94,342,1.3,.6,
2024/04/23,0000 UTC,0,946.3,946.3,945.9,,18.7,17.7,19.3,18.7,18.2,17.6,94,92,94,218,1.6,.5,
2024/04/23,0100 UTC,0,946.3,946.4,946.3,,18.6,17.7,18.7,18.5,17.8,17.5,95,94,95,232,1.1,0,
2024/04/23,0200 UTC,0,946.3,946.5,946.3,,18.3,17.4,18.6,18.3,17.8,17.4,95,94,94,176,1.7,.3,
2024/04/23,0300 UTC,0,945.8,946.3,945.8,,18.9,17.5,18.9,18.3,17.8,17.2,95,91,91,328,8.8,2,
2024/04/23,0400 UTC,0,945.4,946,945.1,,19.1,17.4,19.3,18.7,17.7,17.3,92,90,90,304,6.4,1.5,
2024/04/23,0500 UTC,0,945.3,946.1,945.2,,19,17.5,19.2,18.8,17.7,17.3,92,90,91,242,3.7,.7,
2024/04/23,0600 UTC,0,945.4,945.6,945.3,,18.7,17.2,19.3,18.7,17.6,17.2,91,89,91,284,2.9,0,
2024/04/23,0700 UTC,0,944.9,945.6,944.9,,18.4,17.3,18.7,18.3,17.5,17.2,94,91,93,310,2,.8,
2024/04/23,0800 UTC,0,945.2,945.4,944.9,,18.1,17.2,18.4,18.1,17.4,17.1,95,93,95,183,1.7,0,
2024/04/23,0900 UTC,0,945.3,945.3,945.1,,17.9,17.2,18.1,17.8,17.3,17.1,96,95,96,242,.6,0,
2024/04/23,1000 UTC,0,945.9,945.9,945.3,7.9,17.8,17.1,18.1,17.8,17.4,17.1,96,95,95,120,1.4,0,
2024/04/23,1100 UTC,0,946.2,946.3,945.9,152.6,18.4,17.6,18.5,17.8,17.6,17.1,96,95,95,243,1.2,0,
2024/04/23,1200 UTC,0,946.5,946.6,946.1,420,19.7,17.9,19.7,18.4,17.9,17.6,95,89,89,40,.3,0,
2024/04/23,1300 UTC,0,946.5,946.6,946.4,1272.1,22.2,18.2,22.3,19.7,18.7,17.6,89,78,78,331,2.6,1,
2024/04/23,1400 UTC,0,945.9,946.6,945.9,1868.6,25.2,19,25.2,21.9,19.2,17.7,79,69,69,39,2.8,1.3,
2024/04/23,1500 UTC,0,945.2,945.9,945.2,2509.7,25.9,19,27,24.9,19.7,18.5,70,61,66,144,3.8,1.5,
2024/04/23,1600 UTC,0,944.4,945.2,944.4,837.3,24,20.1,26.1,23.5,20.1,18.8,80,66,79,301,5.3,1.2,
2024/04/23,1700 UTC,9.8,945.2,946,944.4,335.9,20.6,18,24.3,18.1,20.4,15.7,91,76,85,306,18.5,1.5,
2024/04/23,1800 UTC,0,945.3,945.4,944.9,539.9,21,18.5,21.1,20.3,19.2,18.2,91,85,86,23,4.3,1.6,
2024/04/23,1900 UTC,0,945.2,945.7,944.7,339.8,20.9,19.1,21.2,20.7,19.1,18,90,83,90,230,3.1,.3,
2024/04/23,2000 UTC,0,945,945.4,944.8,202.5,20.9,19.3,21.1,20.8,19.3,18.9,91,88,90,326,3,1.3,
2024/04/23,2100 UTC,0,945,945.5,944.8,60.2,20.6,19.2,21.1,20.6,19.4,19,92,88,92,353,4.7,1.6,
2024/04/23,2200 UTC,0,944.8,945.1,944.7,,20.2,19.1,20.6,20.1,19.3,19,94,92,94,24,3.1,.9,
2024/04/23,2300 UTC,0,945.8,946.4,944.6,,19.9,18.9,20.5,19.9,19.4,18.8,94,93,94,17,3.9,0,
2024/04/24,0000 UTC,0,945.9,946.3,945.8,,19.2,18.4,19.9,19.2,18.9,18.4,95,94,95,207,1.5,.3,
2024/04/24,0100 UTC,0,945.9,946,945.8,,19.1,18.3,19.5,19.1,18.8,18.2,96,94,95,18,2.4,0,
2024/04/24,0200 UTC,0,946.1,946.2,945.9,,18.6,17.9,19.1,18.6,18.3,17.9,96,94,96,233,1.7,.1,
2024/04/24,0300 UTC,.2,946.1,946.2,945.9,,18.5,17.9,18.8,18.5,18.1,17.8,96,96,96,130,1.6,0,
2024/04/24,0400 UTC,0,946.6,946.6,946,,18,17.5,18.5,18,17.9,17.5,97,96,97,175,0,0,
2024/04/24,0500 UTC,0,946.7,946.7,946.4,,18,17.5,18.1,17.9,17.6,17.4,97,97,97,254,1.6,.2,
2024/04/24,0600 UTC,0,947.1,947.1,946.7,,17.5,17,18,17.5,17.5,17,97,97,97,309,2.9,0,
2024/04/24,0700 UTC,0,946.9,947.2,946.9,,16.7,16.3,17.5,16.7,17.1,16.3,97,97,97,311,0,0,
2024/04/24,0800 UTC,0,946.7,946.9,946.6,,16.6,16.1,16.7,16.5,16.3,16.1,97,97,97,138,1.7,0,
2024/04/24,0900 UTC,0,946.9,946.9,946.5,,16.3,15.8,16.6,16.3,16.1,15.8,97,97,97,232,2.1,1,
2024/04/24,1000 UTC,0,947.5,947.5,946.9,10.5,16.3,15.8,16.5,16.2,16,15.7,97,97,97,268,1.9,.2,
2024/04/24,1100 UTC,0,948,948,947.5,301.8,17,16.5,17,16.3,16.6,15.8,97,97,97,124,1.6,.4,
2024/04/24,1200 UTC,0,948.4,948.4,948,1150.1,20.4,19.8,20.4,17,19.8,16.5,97,96,96,179,1.4,0,
2024/04/24,1300 UTC,0,948.6,948.6,948.4,1862.8,22.8,17.5,22.9,20.4,19.9,17.1,96,72,72,192,0,0,
2024/04/24,1400 UTC,0,948.3,948.6,948.3,2181.6,23.9,16.8,24.1,22.3,18.1,16.6,73,64,65,147,5.3,1.5,
2024/04/24,1500 UTC,0,947.7,948.3,947.6,2019.4,24.3,18,24.4,23.5,18,16.6,69,64,68,163,4.9,1.3,
2024/04/24,1600 UTC,0,946.9,947.7,946.9,2438.5,25.4,18.2,25.8,24.2,18.5,17,68,61,64,130,3.8,1.9,
2024/04/24,1700 UTC,0,946.2,946.9,946.2,2424.8,26,17.6,26.7,25.2,19.4,17.4,66,59,60,126,3.6,1.4,
2024/04/24,1800 UTC,0,946,946.2,945.9,929.8,26.2,18.8,26.2,25.6,19,17.7,65,60,64,175,4.7,2.4,
2024/04/24,1900 UTC,0,946.3,946.4,946,893.6,25.5,18.5,26.5,25.5,19,17.9,66,61,65,140,4.7,2.2,
2024/04/24,2000 UTC,0,946.6,946.6,946.3,483,24.8,19,25.5,24.8,19,18.1,70,63,70,175,4.3,.5,
2024/04/24,2100 UTC,0,946.7,946.8,946.5,98.6,22.8,19.2,24.8,22.8,19.6,18.8,80,70,80,277,1.5,0,
2024/04/24,2200 UTC,0,947.2,947.3,946.6,0,22.5,20.3,22.8,22,20.3,19.1,88,79,87,309,3.6,1,
2024/04/24,2300 UTC,0,947.8,947.8,947.1,,21.4,20,22.5,21.3,20.2,19.6,92,87,92,347,3.6,.1,
2024/04/25,0000 UTC,0,947.9,948,947.8,,21,19.7,21.4,21,20,19.5,92,90,92,246,1.7,.3,
2024/04/25,0100 UTC,0,947.9,947.9,947.7,,21.1,19.8,21.3,21,19.9,19.7,93,91,92,34,1.4,.4,
2024/04/25,0200 UTC,2.2,948.3,948.3,947.9,.4,20.6,19.7,21.1,20.5,19.8,19.6,95,91,95,170,1.4,.1,
2024/04/25,0300 UTC,.2,948.1,948.3,948,.8,20.5,19.8,20.6,20.4,19.9,19.7,96,95,96,217,2.1,.8,
2024/04/25,0400 UTC,.2,948,948.3,948,1.1,20.5,19.8,20.5,20.4,19.8,19.8,96,96,96,333,1.8,.9,
2024/04/25,0500 UTC,1.8,947.6,948,947.6,.4,20.6,19.6,20.7,20.3,20,19.6,96,94,94,6,3.6,1.7,
2024/04/25,0600 UTC,0,947.3,947.6,947.3,3.5,20.1,18.7,20.6,20.1,19.6,18.7,94,91,91,354,4.6,2.3,
2024/04/25,0700 UTC,0,947.1,947.3,947.1,2.3,20.1,18.6,20.2,20.1,18.7,18.6,92,90,91,344,4.5,1.6,
2024/04/25,0800 UTC,0,947.2,947.2,947.1,3.8,20,18.5,20.1,19.9,18.6,18.5,92,91,91,307,3.1,.8,
2024/04/25,0900 UTC,0,947.5,947.5,947.2,3.2,19.8,18.4,20,19.8,18.4,18.3,92,91,92,2,2,.8,
2024/04/25,1000 UTC,0,948.2,948.2,947.5,5.3,19.8,17.8,19.9,19.7,18.5,17.8,92,88,89,356,4.3,2.4,
2024/04/25,1100 UTC,0,948.9,948.9,948.1,49.9,19.1,17.4,19.8,19.1,17.8,17.4,90,88,90,3,5.4,3.2,
2024/04/25,1200 UTC,0,949.7,949.7,948.9,135.7,18.6,16.4,19.1,18.6,17.4,16.4,90,87,87,356,6.5,3.3,
2024/04/25,1300 UTC,0,950.5,950.5,949.7,202.6,17.8,16,18.6,17.8,16.4,16,90,86,89,20,5.2,2.2,
2024/04/25,1400 UTC,0,950.8,950.8,950.4,386,17.8,15.5,17.9,17.6,16.2,15.5,90,86,87,22,4.7,2.3,
2024/04/25,1500 UTC,0,950.4,950.8,950.3,459.4,17.3,15,17.8,17.2,15.7,14.6,88,85,87,12,4.8,1,
2024/04/25,1600 UTC,.2,950.2,950.4,950.1,443.3,16.8,15.4,17.3,16.8,15.6,14.9,92,87,91,203,3.4,.8,
2024/04/25,1700 UTC,0,949.5,950.2,949.4,389.9,16.6,15.5,17,16.6,15.8,15.3,94,91,93,246,2.1,.8,
2024/04/25,1800 UTC,.4,949,949.5,948.8,375.5,16.7,15.6,16.9,16.5,15.6,15.1,94,90,93,196,2.1,.8,
2024/04/25,1900 UTC,0,948.9,949.3,948.9,193.7,16.2,15.3,16.7,16.1,15.6,15.2,95,93,95,182,3.4,.6,
2024/04/25,2000 UTC,0,949.4,949.4,948.9,100.6,15.9,15.2,16.2,15.9,15.4,15.2,96,95,96,203,2.1,.8,
2024/04/25,2100 UTC,.2,949.6,949.7,949.4,19.9,15.7,15.1,15.9,15.7,15.3,15.1,96,96,96,217,2.4,.9,
2024/04/25,2200 UTC,0,950.1,950.1,949.6,1.7,15.8,15.2,15.8,15.7,15.2,15.1,97,96,97,213,2.1,.5,
2024/04/25,2300 UTC,0,950.5,950.6,950,,15.8,15.3,15.9,15.7,15.3,15.2,97,97,97,214,1.9,.4,
2024/04/26,0000 UTC,0,950.7,950.9,950.4,,15.9,15.4,15.9,15.8,15.4,15.3,97,97,97,228,1.3,0,
2024/04/26,0100 UTC,.2,950.7,950.8,950.6,.4,16,15.5,16,15.9,15.5,15.3,97,97,97,238,1,.4,
2024/04/26,0200 UTC,0,951.3,951.3,950.5,,16,15.5,16,16,15.5,15.4,97,97,97,209,1.8,.8,
2024/04/26,0300 UTC,0,950.5,951.3,950.5,,16,15.5,16.1,15.9,15.5,15.4,97,97,97,237,1.8,.1,
2024/04/26,0400 UTC,.2,950,950.7,950,,16,15.5,16.1,15.9,15.5,15.4,97,97,97,146,1.8,.6,
2024/04/26,0500 UTC,0,950,950.5,949.5,,16,15.5,16.1,16,15.6,15.5,97,97,97,202,2.7,.5,
2024/04/26,0600 UTC,0,949.7,950.1,949.7,,16,15.5,16.1,16,15.5,15.5,97,97,97,217,1.4,0,
2024/04/26,0700 UTC,0,949.4,949.8,949.3,.1,16,15.5,16,16,15.5,15.4,97,97,97,199,1.3,.6,
2024/04/26,0800 UTC,0,949.2,949.4,948.3,,16,15.5,16.1,16,15.6,15.4,97,97,97,169,1.5,.8,
2024/04/26,0900 UTC,.4,949.5,949.5,949,,16.1,15.6,16.1,16,15.6,15.5,97,97,97,204,1.5,0,
2024/04/26,1000 UTC,0,950,950,949.5,3,16.1,15.6,16.2,16.1,15.7,15.6,97,97,97,132,1.7,.3,
2024/04/26,1100 UTC,0,950.1,950.1,949.9,136.2,16.6,16,16.6,16.1,16,15.6,97,96,96,295,1.5,.2,
2024/04/26,1200 UTC,0,950.2,950.5,950.1,416.4,17.6,16.3,17.7,16.5,16.6,15.8,96,92,92,18,2.6,1.8,
2024/04/26,1300 UTC,0,950.4,950.4,950.2,990.5,18.9,16.9,18.9,17.7,17,16.2,92,86,88,15,4.3,2.1,
2024/04/26,1400 UTC,0,950.1,950.5,950.1,666.4,18.5,16.7,19.5,18.2,17.2,16.1,90,85,89,197,3.9,1.5,
2024/04/26,1500 UTC,0,949.2,950.1,949.2,970.7,19,16.9,19.3,18.5,17.4,16.6,90,87,88,171,3.8,1.8,
2024/04/26,1600 UTC,0,948.1,949.2,948.1,1220.8,20.1,17.6,20.2,18.9,17.9,16.7,88,85,85,182,4,1.8,
2024/04/26,1700 UTC,0,947.2,948.1,947.2,1468.1,20.9,18.1,20.9,19.8,18.1,17.2,87,83,84,168,3.7,2,
2024/04/26,1800 UTC,0,946.3,947.2,946.3,2199.4,21.8,18.1,22.7,20.8,19.1,17.5,84,77,80,174,3.9,2.2,
2024/04/26,1900 UTC,0,945.8,946.3,945.8,1204.1,21.5,18.4,21.8,20.7,18.6,17.7,84,79,82,178,3.9,1.8,
2024/04/26,2000 UTC,0,946.2,946.2,945.8,540.1,20.2,18.2,21.5,20.2,18.5,18,88,81,88,185,4,1.5,
2024/04/26,2100 UTC,0,946.1,946.2,946.1,76.5,19.6,18,20.2,19.6,18.3,18,91,88,91,198,3.3,1.1,
2024/04/26,2200 UTC,0,946.2,946.2,946.1,1.7,19.4,18,19.6,19.4,18.1,18,92,91,92,209,2.6,1.4,
2024/04/26,2300 UTC,0,946.8,946.8,946.2,,19,18.1,19.5,19,18.2,18,94,92,94,213,2.3,1,
2024/04/27,0000 UTC,0,947,947,946.7,0,18.8,18.2,19,18.8,18.2,18.1,96,94,96,209,2.3,1.2,
2024/04/27,0100 UTC,0,946.8,947,946.8,.2,18.8,18.2,18.9,18.8,18.3,18.2,96,96,96,206,2.3,.1,
2024/04/27,0200 UTC,0,946.8,947,946.8,.4,18.9,18.3,18.9,18.8,18.3,18.2,97,96,97,263,1.4,0,
2024/04/27,0300 UTC,0,946.2,946.8,946,,19,18.4,19.1,18.8,18.5,18.3,97,96,96,86,2.5,.7,
2024/04/27,0400 UTC,0,946,946.3,946,.9,18.8,18.3,19,18.8,18.4,18.2,96,96,96,111,1.8,.1,
2024/04/27,0500 UTC,0,946.2,946.2,946,.4,18.8,18.2,18.9,18.8,18.3,18.2,97,96,97,160,2.1,.7,
2024/04/27,0600 UTC,0,946.2,946.2,946,,18.8,18.2,18.8,18.7,18.3,18.2,97,97,97,200,2.4,.9,
2024/04/27,0700 UTC,0,945.8,946.2,945.8,.2,18.8,18.2,18.8,18.7,18.3,18.2,97,97,97,130,2.1,0,
2024/04/27,0800 UTC,.2,945.4,945.8,945.4,.7,18.8,18.3,18.8,18.7,18.3,18.2,97,97,97,241,1.1,0,
2024/04/27,0900 UTC,0,945.5,945.5,945.3,.7,18.9,18.4,18.9,18.8,18.4,18.2,97,97,97,346,0,0,
2024/04/27,1000 UTC,0,945.9,945.9,945.5,4.4,18.9,18.4,19,18.9,18.4,18.3,97,97,97,157,0,0,
2024/04/27,1100 UTC,0,946.5,946.5,945.9,105.6,19.3,18.8,19.3,18.9,18.8,18.4,97,97,97,166,1.4,.1,
2024/04/27,1200 UTC,0,946.6,946.6,946.4,333.8,20.2,19.6,20.2,19.3,19.7,18.7,97,96,96,124,.8,0,
2024/04/27,1300 UTC,0,946.5,946.7,946.4,778.6,21.3,19.6,21.6,20.2,19.9,18.9,96,85,90,164,2.9,1.7,
2024/04/27,1400 UTC,0,945.7,946.5,945.7,1701.7,24.2,20.1,24.3,21.3,20.6,19.3,90,78,78,166,3,.7,
2024/04/27,1500 UTC,0,944.5,945.7,944.5,2580.4,26.7,21.1,26.7,24.1,21.1,19.9,80,70,71,41,4.6,2.5,
2024/04/27,1600 UTC,0,943.3,944.6,943.3,2578.6,27.8,21.3,27.9,26.2,21.7,20.3,72,66,68,353,5.9,3.3,
2024/04/27,1700 UTC,0,941.8,943.3,941.8,2576.4,30,19.5,30.1,27.8,21.8,18.9,69,52,53,300,8,3.1,
2024/04/27,1800 UTC,0,941.2,941.8,941.2,2098.6,30.2,19.1,30.8,29.9,19.5,18.5,53,49,52,301,8.9,3.1,
2024/04/27,1900 UTC,0,940.8,941.2,940.8,1520.7,30.2,19.6,31,30.1,19.9,18.6,54,49,53,307,7.1,2.2,
2024/04/27,2000 UTC,0,941.1,941.1,940.8,803.1,28.7,20.5,30.6,28.7,20.5,19.3,61,52,61,324,5.5,2.7,
2024/04/27,2100 UTC,0,941,941.2,941,120.5,26.2,21.1,28.7,26.2,21.2,20.4,74,61,74,310,5.3,2,
2024/04/27,2200 UTC,0,941.1,941.1,940.9,,24,20.9,26.2,24,21.3,20.9,83,74,83,307,3.6,2,
2024/04/27,2300 UTC,0,941.5,941.6,941.1,,23.1,20.8,24.2,22.9,21,20.6,87,82,87,313,3.5,1.6,
2024/04/28,0000 UTC,0,942,942.1,941.5,,22.2,20.4,23.1,22.2,20.9,20.3,90,87,90,347,3.6,.6,
2024/04/28,0100 UTC,0,943.1,943.1,941.9,,21.6,20.2,22.2,21.3,20.5,19.9,93,90,92,316,2,.8,
2024/04/28,0200 UTC,0,942.9,943.3,942.9,,21.7,20,22.5,20.9,20.7,19.4,92,88,90,34,2.6,.7,
2024/04/28,0300 UTC,0,943.1,943.1,942.8,,21.3,19.6,21.8,21,20.2,19.4,92,89,90,11,2.1,.8,
2024/04/28,0400 UTC,0,943.2,943.2,942.9,,20.3,19.3,21.3,20.1,19.9,19,94,90,94,356,2.3,.5,
2024/04/28,0500 UTC,0,942.8,943.2,942.8,,20.9,19.3,22,20.3,20,19.3,95,88,91,331,3.7,1,
2024/04/28,0600 UTC,0,942.2,942.8,942.2,,22,19.7,22,20.7,19.7,19.2,92,87,87,7,5.6,3.3,
2024/04/28,0700 UTC,0,941.8,942.4,941.8,,21.6,19.5,22.2,21.3,19.7,19.1,89,85,88,3,6.8,3.7,
2024/04/28,0800 UTC,0,942.7,942.8,941.8,,20.6,19.1,22,20.6,19.5,19.1,91,86,91,93,6.8,.7,
2024/04/28,0900 UTC,0,943.3,943.4,942.7,,20.1,19.1,20.6,20.1,19.3,18.9,94,91,94,164,2,.7,
2024/04/28,1000 UTC,0,943.8,943.8,943.2,2.8,19.7,19,20.1,19.5,19.2,18.8,96,94,96,211,1.4,0,
2024/04/28,1100 UTC,13.6,944.4,944.8,943.8,49.3,19.9,19.3,20.2,19.7,19.5,19,96,96,96,134,5.5,1.8,
2024/04/28,1200 UTC,.2,945,945.2,944.4,367.1,20.9,19.5,20.9,19.9,20.1,19.4,96,92,92,81,5,.6,
2024/04/28,1300 UTC,0,945.3,945.5,945,1194,22.4,19.6,22.4,20.9,20.2,19.1,92,83,84,22,3.3,1.4,
2024/04/28,1400 UTC,2.2,945.4,945.6,945.1,325,21,19.5,22.5,21,19.9,19.4,91,84,91,290,4.3,1.2,
2024/04/28,1500 UTC,8.2,944.7,945.4,944.6,369.4,21.2,20.2,21.2,20.7,20.2,19.5,95,91,94,23,4.5,2,
2024/04/28,1600 UTC,1.2,943.8,944.7,943.8,550.5,21.8,20.5,21.8,21.1,20.6,20.2,94,92,92,4,5.4,2,
2024/04/28,1700 UTC,20.6,943.5,944.5,943.2,225.6,19.6,18.7,21.8,19.6,20.5,18.7,95,87,94,139,9,1.6,
2024/04/28,1800 UTC,10.6,943.8,944,943.3,115.7,19.7,18.9,20,19.6,19.1,18.6,95,94,95,216,5.9,2.8,
2024/04/28,1900 UTC,19,943.5,944,943.2,57.4,20,19.5,20.2,19.7,19.6,18.9,97,95,97,304,5.9,1.9,
2024/04/28,2000 UTC,.2,943.9,944,943.5,57.7,20,19.5,20.1,19.7,19.5,19.1,97,97,97,221,4.5,0,
2024/04/28,2100 UTC,.4,944.2,944.2,943.4,8.3,20,19.4,20.1,19.9,19.6,19.4,97,97,97,259,2.3,.5,
2024/04/28,2200 UTC,.6,944.2,944.5,944.1,,19.9,19.3,20,19.9,19.4,19.3,97,97,97,217,3.8,.3,
2024/04/28,2300 UTC,.8,945.1,945.2,944.1,.1,19.9,19.4,20,19.8,19.4,19.3,97,97,97,123,1.4,0,
2024/04/29,0000 UTC,1.6,945.6,945.8,945.1,.1,19.9,19.4,20,19.9,19.4,19.3,97,97,97,140,1.7,0,
2024/04/29,0100 UTC,3.8,945.6,945.9,945.4,.1,19.9,19.4,19.9,19.8,19.4,19.3,97,97,97,333,2.1,.4,
2024/04/29,0200 UTC,0,946.3,946.4,945.6,.6,20,19.5,20,19.9,19.5,19.4,97,97,97,166,1.5,0,
2024/04/29,0300 UTC,0,946.5,946.6,946.2,.1,20.1,19.5,20.1,20,19.6,19.4,97,97,97,245,1.2,0,
2024/04/29,0400 UTC,.8,946.6,946.7,946.4,1.3,19.1,18.6,20.1,19.1,19.6,18.5,97,96,96,152,3.2,.7,
2024/04/29,0500 UTC,.4,946.4,946.7,946.4,1.2,18.9,18.4,19.1,18.7,18.6,18.1,97,96,97,261,3.2,.3,
2024/04/29,0600 UTC,.2,946.6,946.6,946.3,1.2,18.4,17.9,19,18.4,18.4,17.8,97,96,97,241,2.7,.2,
2024/04/29,0700 UTC,0,946.7,946.7,946.3,1.1,18.4,17.9,18.5,18.4,17.9,17.8,97,97,97,161,1.6,0,
2024/04/29,0800 UTC,0,946.3,946.7,946.2,1.2,18.3,17.8,18.5,18.3,18,17.8,97,97,97,201,2.1,.1,
2024/04/29,0900 UTC,.2,946.5,946.6,946.1,1.1,18.2,17.6,18.3,18.1,17.8,17.6,97,97,97,205,2.7,1.2,
2024/04/29,1000 UTC,0,947,947.2,946.5,4.8,18,17.5,18.2,18,17.7,17.5,97,97,97,242,2.7,.1,
2024/04/29,1100 UTC,0,948,948,946.9,78.4,18,17.5,18.3,18,17.8,17.5,97,97,97,169,3.5,1.6,
2024/04/29,1200 UTC,0,948.3,948.3,947.9,276.4,18.6,18,18.7,17.9,18.1,17.4,97,97,97,202,3.5,1,
2024/04/29,1300 UTC,0,947.9,948.3,947.8,439.9,19,18,19.2,18.6,18.4,17.9,97,94,94,163,2,.2,
2024/04/29,1400 UTC,0,948,948,947.7,672,20.2,18.8,20.3,19,19.1,18,94,91,91,184,2.7,1.3,
2024/04/29,1500 UTC,0,946.7,948,946.7,2396.9,23.1,20.2,23.4,20.3,20.6,18.6,92,82,84,357,3.5,2.1,
2024/04/29,1600 UTC,0,945.5,946.7,945.5,2100.7,24.5,20.6,25.1,23.1,21.5,20.2,85,78,79,21,5.1,2.8,
2024/04/29,1700 UTC,0,944.5,945.5,944.5,2254,24.2,20.4,25.7,23.9,21.5,20.3,82,75,79,172,4.8,2.4,
2024/04/29,1800 UTC,0,944.1,944.5,944.1,1844.1,24.6,21,25.2,23.5,21.4,19.9,82,77,80,187,5.3,1.6,
2024/04/29,1900 UTC,0,943.8,944.1,943.8,1199.1,24,20.5,25.6,23.9,21.7,20.3,83,77,81,171,3.9,1.2,
2024/04/29,2000 UTC,0,943.4,943.8,943.4,705.5,22.4,20.2,24.1,22.4,21,20.2,87,81,87,188,4,2,
2024/04/29,2100 UTC,0,944.6,944.6,943.4,121.5,20.9,19.8,22.5,20.9,20.3,19.7,94,87,94,183,5.4,1.6,
2024/04/29,2200 UTC,0,945.2,945.3,944.6,,20.7,20,20.9,20.7,20,19.8,95,94,95,218,5,.9,
2024/04/29,2300 UTC,0,945.4,945.5,945.1,,20.7,20.1,20.8,20.7,20.1,20,96,95,96,187,3,.5,
2024/04/30,0000 UTC,0,945.9,945.9,945.3,.2,20.8,20.2,20.8,20.7,20.2,20.1,96,96,96,191,1.7,.3,
2024/04/30,0100 UTC,0,946.3,946.4,945.9,.4,20.8,20.2,20.9,20.8,20.3,20.2,96,96,96,211,1.9,.8,
2024/04/30,0200 UTC,0,946.2,946.4,946.1,0,20.8,20.3,20.9,20.8,20.3,20.2,97,96,97,234,1.5,0,
2024/04/30,0300 UTC,0,945.6,946.2,945.6,0,20.7,20.2,20.9,20.7,20.3,20.1,97,97,97,198,1.7,.7,
2024/04/30,0400 UTC,0,945.2,945.7,945.1,.2,20.5,20,20.7,20.5,20.2,19.9,97,97,97,207,2.2,.3,
2024/04/30,0500 UTC,.2,944.9,945.2,944.6,.6,20.2,19.7,20.5,20.2,19.9,19.7,97,97,97,177,3.4,1.3,
2024/04/30,0600 UTC,0,945,945.6,944.9,.3,20,19.4,20.3,20,19.7,19.4,97,97,97,245,3.4,1,
2024/04/30,0700 UTC,0,945.7,945.7,944.9,0,20.1,19.5,20.1,19.9,19.5,19.4,97,97,97,175,2.3,.3,
2024/04/30,0800 UTC,0,945.4,945.7,945.4,.6,20.2,19.7,20.2,20.1,19.7,19.5,97,97,97,21,1.4,0,
2024/04/30,0900 UTC,0,945.4,945.5,945.4,0,20.3,19.8,20.4,20.2,19.8,19.7,97,97,97,17,1.5,0,
2024/04/30,1000 UTC,0,946,946.1,945.4,9.6,20.1,19.5,20.3,20,19.7,19.5,97,97,97,251,0,0,
2024/04/30,1100 UTC,0,946.4,946.6,946,312,21.3,20.2,21.7,20.1,21.1,19.5,97,94,94,16,1.4,.2,
2024/04/30,1200 UTC,0,946.9,946.9,946.3,974.5,23,20.1,23.1,21.2,20.8,19.8,94,83,84,66,3.6,2.3,
2024/04/30,1300 UTC,0,947.3,947.3,946.9,1546.2,23.3,20.5,24,22.7,20.9,19.7,86,79,84,197,4.4,1.9,
2024/04/30,1400 UTC,0,947.1,947.3,947.1,1464,23.1,20.4,23.7,22.4,20.9,19.9,87,82,85,174,5.5,2.3,
2024/04/30,1500 UTC,0,946.2,947.1,946.2,2419.8,25.3,20.7,25.4,22.9,21.4,19.9,86,76,76,189,4.6,1.4,
2024/04/30,1600 UTC,0,945.3,946.1,945.3,2238.6,24.4,20.5,26.1,24.1,21.9,19.9,82,74,79,173,5.5,3.1,
2024/04/30,1700 UTC,0,944.3,945.3,944.3,2458.4,26,20.9,26.2,24.2,21.7,20.3,82,72,74,163,5.5,1.6,
2024/04/30,1800 UTC,0,943.8,944.3,943.8,2062,26.3,21.1,27,25.9,21.9,20.6,75,70,73,171,3.8,2,
2024/04/30,1900 UTC,0,943.9,943.9,943.8,1481.2,25.8,21.4,27,25.7,21.8,21,77,72,77,173,5.1,2.6,
2024/04/30,2000 UTC,0,944.3,944.3,943.9,301.7,24.1,21.5,25.9,24.1,21.6,21.3,85,77,85,224,4.9,1.4,
2024/04/30,2100 UTC,0,944.6,944.6,944.3,78.6,23.8,21.6,24.1,23.7,21.7,21.4,88,85,88,239,2.5,1.3,
2024/04/30,2200 UTC,0,944.9,945,944.6,,23.4,21.6,23.8,23.2,21.6,21.4,90,88,90,217,2.4,1.4,
2024/04/30,2300 UTC,0,945.4,945.4,944.9,,22.5,21.3,23.6,22.4,21.7,21,93,89,93,229,2.4,.6,
2024/05/01,0000 UTC,0,945.5,945.6,945.4,,22.3,21.3,22.5,22.1,21.3,21.1,95,93,94,240,1.3,0,
2024/05/01,0100 UTC,0,945.7,945.7,945.4,,22.2,21.3,22.3,22.2,21.3,21.2,95,94,95,225,1.2,.2,
2024/05/01,0200 UTC,0,945.6,945.7,945.6,.4,22.1,21.2,22.3,22.1,21.4,21.2,95,95,95,218,1.6,1,
2024/05/01,0300 UTC,0,945.4,945.7,945.4,,21.9,21,22.1,21.9,21.2,21,95,95,95,244,1.6,.3,
2024/05/01,0400 UTC,0,945.2,945.4,945,.3,22.1,20.9,22.1,21.8,21.1,20.9,95,93,93,17,2,.8,
2024/05/01,0500 UTC,0,945.1,945.2,944.8,.5,21.3,20.4,22.1,21.3,20.9,20.4,95,93,95,178,2.5,1.3,
2024/05/01,0600 UTC,0,944.4,945.1,944.4,.2,21,20.3,21.3,21,20.4,20.3,96,95,96,225,2.5,.6,
2024/05/01,0700 UTC,0,944.1,944.5,944.1,,20.9,20.2,21,20.9,20.3,20.2,96,96,96,256,1.6,0,
2024/05/01,0800 UTC,0,944,944,943.9,.3,20.7,20.1,20.9,20.7,20.3,20.1,96,96,96,114,1.1,.3,
2024/05/01,0900 UTC,0,944.3,944.4,944,.5,20.8,20.2,20.9,20.7,20.3,20.1,97,96,96,3,2.1,1,
2024/05/01,1000 UTC,0,944.8,944.8,944.3,5.6,20.7,19.8,20.8,20.6,20.2,19.8,96,95,95,44,3.2,1,
2024/05/01,1100 UTC,0,945.2,945.2,944.8,350.6,22,19.9,22.1,20.7,20.2,19.6,95,88,88,33,2.8,1.3,
2024/05/01,1200 UTC,0,944.9,945.2,944.9,1084.4,23.5,20.1,23.5,22,20.7,19.9,89,81,81,2,5.4,3.5,
2024/05/01,1300 UTC,0,944.5,945,944.5,1991.2,25.7,20.7,26,23.5,21.1,20.1,82,73,74,360,6.6,4.4,
2024/05/01,1400 UTC,0,943.8,944.6,943.8,2229.6,28.1,20.9,28.4,25.7,21.5,20.4,74,63,65,350,6.8,3.2,
2024/05/01,1500 UTC,0,942.7,943.9,942.7,2547.2,28.7,21,30,28.1,21.3,19.7,65,55,63,20,5.9,2.7,
2024/05/01,1600 UTC,0,942,942.7,942,2610.9,30.3,17.6,31.3,28.7,21.2,17,64,43,47,254,6.9,2.2,
2024/05/01,1700 UTC,0,941.5,942,941.5,2409.8,31.5,18.1,32,30.1,19.2,17.1,49,43,45,245,8,2.5,
2024/05/01,1800 UTC,0,940.8,941.5,940.8,2061.9,31.9,17.9,32.7,31,19.8,17.4,47,42,43,267,6.9,2,
2024/05/01,1900 UTC,0,940.8,940.8,940.6,1444.2,31.6,17.8,32.4,31.5,19.7,17.1,48,41,44,263,5.3,2.2,
2024/05/01,2000 UTC,0,940.7,940.8,940.6,803.9,30.6,18.5,31.9,30.5,18.9,17.5,50,43,49,307,5.3,1.5,
2024/05/01,2100 UTC,0,941.5,941.5,940.7,144.9,26.9,21.2,30.6,26.8,21.3,18.5,71,49,71,191,2.7,.6,
2024/05/01,2200 UTC,0,941.3,941.6,941.2,,24.5,22.1,26.9,24.5,22.1,20.9,86,71,86,183,1.4,.8,
2024/05/01,2300 UTC,0,941.7,941.8,941.2,,23.6,21.6,24.7,23.6,22.1,21.3,88,82,88,283,2.1,.2,
2024/05/02,0000 UTC,0,942.1,942.2,941.7,,22.5,21.3,23.6,22.5,21.8,21.1,93,88,93,267,1.8,.7,
2024/05/02,0100 UTC,0,941.8,942.1,941.7,,22,20.8,22.6,21.7,21.3,20.4,93,92,93,165,2,.1,
2024/05/02,0200 UTC,0,941.4,941.8,941.4,,22.2,21.2,22.2,21.8,21.3,20.6,94,92,94,230,1.7,.6,
2024/05/02,0300 UTC,0,942.1,942.2,941.3,,21.9,21,22.2,21.8,21.2,20.9,95,94,95,182,1.7,.5,
2024/05/02,0400 UTC,0,941.5,942.1,941.5,,21.8,20.7,21.9,21.7,21,20.7,95,94,94,291,1.7,.6,
2024/05/02,0500 UTC,0,940.4,941.5,940.4,,21.6,20.8,21.9,21.6,20.9,20.7,95,93,95,11,3.2,1.7,
2024/05/02,0600 UTC,0,939.7,940.4,939.7,,20.9,20.1,21.6,20.9,20.8,20.1,95,95,95,24,3.1,0,
2024/05/02,0700 UTC,0,939.8,939.8,939.2,,21.5,19.5,21.7,20.7,20.5,19.5,96,88,88,358,4.5,1.7,
2024/05/02,0800 UTC,1,938.8,940,938.8,,21.6,19.8,21.7,21,19.9,19.5,92,87,89,345,6.4,3,
2024/05/02,0900 UTC,.4,939.8,939.8,938.6,.8,20.5,19.3,21.9,20.5,19.7,19.2,93,85,93,157,7,0,
2024/05/02,1000 UTC,0,940.2,940.2,939.7,6.1,20.3,19.6,20.6,20.2,19.6,19.3,96,93,96,313,2,.7,
2024/05/02,1100 UTC,0,940,940.5,940,222.7,22.1,20,22.1,20.3,20.5,19.6,96,88,88,8,5.4,2.6,
2024/05/02,1200 UTC,0,940.1,940.3,939.7,1070.5,25.5,19.9,25.6,22.1,20.3,19.4,88,71,71,340,10.3,3.1,
2024/05/02,1300 UTC,0,940.9,940.9,940,1265.6,26.5,20.3,26.5,25.5,20.5,19.7,73,68,69,328,8.1,2.9,
2024/05/02,1400 UTC,0,941.1,941.2,940.8,1601.6,28.5,19.5,28.5,26.5,20.5,19.1,69,57,58,238,7.2,2.6,
2024/05/02,1500 UTC,0,942.4,942.7,941,321.7,20.9,17,28.5,20.9,19.3,16.2,79,56,78,177,13.7,5.3,
2024/05/02,1600 UTC,.8,941.9,942.5,941.9,324.3,20,17.8,20.9,19.8,18.3,17,89,78,87,159,9.5,1.3,
2024/05/02,1700 UTC,.6,941.1,941.9,941,555.7,20.1,18.5,20.6,20,18.7,17.8,91,86,91,180,3.2,1.3,
2024/05/02,1800 UTC,4.6,941.7,942.7,941.1,161.8,18.9,17.6,20.2,18.9,18.6,17.6,93,90,93,159,6.2,1.6,
2024/05/02,1900 UTC,.6,941.6,942.2,941.1,219.3,19.2,17.9,19.5,18.8,18.3,17.6,94,91,92,166,3.7,.7,
2024/05/02,2000 UTC,.2,943,943,941.6,105.2,19.1,17.9,19.2,19,18.1,17.6,93,91,93,165,2,1,
2024/05/02,2100 UTC,2.2,943.9,943.9,942.7,16.9,18.7,17.4,19.6,18.6,17.8,16.8,93,86,93,352,5,1.1,
2024/05/02,2200 UTC,2.2,943.8,944.1,943.5,,18.5,17.4,18.7,18.4,17.7,17.3,95,93,94,354,2.4,0,
2024/05/02,2300 UTC,2,944.8,945,943.5,0,18.3,17.5,18.6,18.3,17.6,17.3,95,93,95,22,2.7,0,
2024/05/03,0000 UTC,1,945,945,944.6,,18.2,17.5,18.4,18.2,17.5,17.4,96,95,96,191,1.7,0,
2024/05/03,0100 UTC,.6,944.8,945.2,944.7,,18.1,17.3,18.2,18.1,17.5,17.3,96,95,95,268,2.1,.4,
2024/05/03,0200 UTC,.2,944.4,945.3,944.4,.1,18.1,17.3,18.3,18.1,17.5,17.2,96,95,95,341,3.2,1.1,
2024/05/03,0300 UTC,2.2,945.1,945.1,944.1,.1,18.1,17.2,18.2,18.1,17.3,17.2,95,94,95,287,3.6,.8,
2024/05/03,0400 UTC,.6,944.5,945.1,944.3,.1,18.2,17.3,18.2,18,17.4,17.2,96,95,95,322,2.6,1.5,
2024/05/03,0500 UTC,3,944.2,944.6,944.1,0,18.2,17.3,18.2,18.1,17.4,17.3,95,94,95,347,4.5,2.5,
2024/05/03,0600 UTC,4.4,943.3,944.8,943.2,.6,18,17.2,18.2,17.9,17.3,17.1,96,95,95,4,6.5,3.6,
2024/05/03,0700 UTC,.4,943.6,943.6,943.1,,18.3,17.1,18.3,18,17.2,17.1,95,93,93,353,6.9,2.7,
2024/05/03,0800 UTC,0,943.7,943.9,943.5,.5,18.2,17,18.3,18.1,17.1,17,94,92,93,2,4.2,1.8,
2024/05/03,0900 UTC,.2,944,944.1,943.3,,18.3,17,18.3,18.1,17,17,93,92,92,352,4.9,1.4,
2024/05/03,1000 UTC,0,943.5,944,943.5,4.6,18.4,16.8,18.5,18.2,17,16.8,92,90,90,351,4,1.7,
2024/05/03,1100 UTC,0,944.9,944.9,943.5,45.1,17.9,17,18.4,17.8,17,16.8,95,91,95,154,6,1.9,
2024/05/03,1200 UTC,0,946.6,946.6,944.9,228.8,18.4,17.4,18.4,17.9,17.5,17,95,94,94,248,2.9,1,
2024/05/03,1300 UTC,0,947,947,946.4,380.2,19,17.5,19.1,18.4,17.7,17.3,94,91,91,220,2.6,1.3,
2024/05/03,1400 UTC,0,946.2,947,946.2,463.4,19.4,17.7,19.5,18.9,17.8,17.4,91,89,90,291,2.6,.7,
2024/05/03,1500 UTC,.4,946.1,946.2,945.9,432.2,19.8,17.7,19.9,19.4,18.1,17.3,91,86,88,160,2.1,.3,
2024/05/03,1600 UTC,2.4,945.4,946.5,945.4,325.4,19.4,18.2,19.8,19.1,18.2,17.9,94,88,93,56,3,.8,
2024/05/03,1700 UTC,.4,945.3,945.4,943.8,383.4,19.7,18.3,19.9,19.3,18.5,18,94,89,92,114,7.8,1.2,
2024/05/03,1800 UTC,0,944.5,945.3,944.4,379.3,19.9,18.7,19.9,19.5,18.7,18.1,93,91,93,290,4,1,
2024/05/03,1900 UTC,0,943.9,944.5,943.5,377.2,20,18.5,20.1,19.7,18.8,18.3,93,91,91,283,2.8,1.3,
2024/05/03,2000 UTC,0,943.8,944.1,943.5,141.6,19.9,18.5,20.2,19.9,18.8,18.5,92,90,92,14,4.5,1.9,
2024/05/03,2100 UTC,.2,945.1,945.1,943.6,40.6,19.4,18.4,19.9,19.4,18.5,18.2,94,91,94,171,4.5,.6,
2024/05/03,2200 UTC,.4,945.2,945.5,945.1,,19.1,18.3,19.4,19,18.4,18,95,94,95,352,3.1,1.8,
2024/05/03,2300 UTC,1,947,947,945.1,,18.8,18.1,19.1,18.8,18.3,18,96,95,96,356,3.5,.3,
2024/05/04,0000 UTC,4.2,946.7,947.4,946.3,,19,18.3,19.2,18.8,18.6,18.1,96,95,95,331,5.6,1.5,
2024/05/04,0100 UTC,3.6,946.4,946.7,945.8,,19.2,18.3,19.2,18.9,18.5,18.1,96,94,94,320,4.1,1.2,
2024/05/04,0200 UTC,3,947.7,947.7,946,,19,17.9,19.3,19,18.2,17.9,94,93,94,307,4.9,1,
2024/05/04,0300 UTC,4.6,946.7,947.7,946.5,,18.9,18,19,18.7,18.1,17.8,95,93,94,303,3.7,.4,
2024/05/04,0400 UTC,3.2,946.2,947,946.1,,18.6,17.8,19,18.6,18,17.7,95,93,95,10,3.4,1.5,
2024/05/04,0500 UTC,.4,946.1,946.4,945.9,,18.6,17.6,18.7,18.6,17.9,17.6,95,94,94,4,3.4,1.8,
2024/05/04,0600 UTC,0,945.5,946.2,945.4,,18.5,17.4,18.6,18.4,17.6,17.3,94,93,93,328,3.1,1.8,
2024/05/04,0700 UTC,0,945.5,945.7,945.3,,18.3,17.6,18.6,18.3,17.6,17.3,95,93,95,102,3.1,.1,
2024/05/04,0800 UTC,.4,945.7,945.9,945.5,.1,18.2,17.6,18.3,18.2,17.6,17.5,96,95,96,311,1.3,0,
2024/05/04,0900 UTC,.2,946.2,946.2,945.6,,18.2,17.6,18.2,18.1,17.6,17.4,96,96,96,95,0,0,
2024/05/04,1000 UTC,0,947.3,947.3,946.2,1.3,18.3,17.7,18.3,18.2,17.8,17.6,96,96,96,172,2,.7,
2024/05/04,1100 UTC,.2,947.8,947.8,947,51.7,18.4,17.8,18.5,18.3,17.8,17.7,96,96,96,107,2,.2,
2024/05/04,1200 UTC,0,948.2,948.3,947.8,302.3,19.2,18.3,19.2,18.4,18.3,17.8,96,94,94,213,1.7,.2,
2024/05/04,1300 UTC,0,948.4,948.5,948.1,658.2,20.2,18.6,20.3,19.2,18.9,18.1,94,90,90,175,2,.8,
2024/05/04,1400 UTC,0,948.3,948.5,948.2,890.2,21,18.5,21.3,20,19.1,18.3,91,85,86,203,2.4,.5,
2024/05/04,1500 UTC,0,947.3,948.3,947.3,926.1,21.5,18.9,21.8,20.8,19.2,18.3,87,83,85,219,2,0,
2024/05/04,1600 UTC,0,946.8,947.3,946.8,853.9,22.5,20,22.5,21.3,20,18.7,87,84,86,234,2,.3,
2024/05/04,1700 UTC,0,946.1,946.8,946.1,829.8,22.4,19.7,22.9,21.9,20.3,19.1,88,83,85,177,2.1,1.2,
2024/05/04,1800 UTC,0,946.2,946.2,946.1,637.1,21.7,19.5,22.5,21.7,20,19.4,88,85,87,168,3.9,1.3,
2024/05/04,1900 UTC,0,946.7,946.7,946.2,312.5,21.2,19.6,21.8,21.2,20.1,19.5,91,87,91,185,4.3,1.8,
2024/05/04,2000 UTC,0,947.4,947.5,946.7,201.7,21.1,19.7,21.2,21,19.8,19.6,92,91,92,185,4.3,1.4,
2024/05/04,2100 UTC,0,948.2,948.2,947.4,37.6,20.5,19.4,21.1,20.5,19.8,19.4,94,92,94,209,3,1.5,
2024/05/04,2200 UTC,0,949.2,949.2,948.2,.9,20.6,19.2,20.6,20.3,19.4,19.2,94,92,92,180,6.3,3.2,
2024/05/04,2300 UTC,0,949.8,949.9,949.1,,20.3,17.8,20.6,20.2,19.2,17.7,92,84,86,203,6.3,2.2,
2024/05/05,0000 UTC,0,950.3,950.3,949.7,,19.8,18,20.4,19.7,18,17.7,90,85,89,302,4.4,0,
2024/05/05,0100 UTC,0,950.2,950.4,950.2,,18.7,17.9,19.8,18.6,18.1,17.7,95,89,95,207,1.4,0,
2024/05/05,0200 UTC,0,950.5,950.5,950.2,,19,18.1,19.1,18.6,18.4,17.8,96,95,95,224,1.6,0,
2024/05/05,0300 UTC,0,950.4,950.6,950.3,,18.8,18,19.1,18.7,18.2,17.9,95,95,95,63,0,0,
2024/05/05,0400 UTC,0,949.7,950.3,949.7,,18,17.4,18.8,18,18,17.3,96,94,96,303,1.1,.1,
2024/05/05,0500 UTC,0,949.3,949.7,949.3,,17.5,17,18,17.5,17.3,17,97,96,97,313,1.3,0,
2024/05/05,0600 UTC,0,948.8,949.3,948.8,,17.3,16.8,17.5,17.3,17,16.8,97,97,97,333,.2,0,
2024/05/05,0700 UTC,0,948.6,948.8,948.5,,17.1,16.6,17.3,17.1,16.8,16.6,97,97,97,172,1.4,0,
2024/05/05,0800 UTC,0,948.8,948.8,948.6,,16.8,16.3,17.2,16.6,16.7,16.2,97,97,97,237,1.6,0,
2024/05/05,0900 UTC,0,949.3,949.3,948.7,.5,16.8,16.3,16.9,16.7,16.4,16.2,97,97,97,214,0,0,
2024/05/05,1000 UTC,.2,950.3,950.3,949.3,3.4,16.6,16.1,16.8,16.5,16.4,16,97,97,97,252,1.2,.3,
2024/05/05,1100 UTC,0,951.1,951.1,950.3,163,16.7,16.2,16.7,16.4,16.2,16,97,97,97,182,1.2,0,
2024/05/05,1200 UTC,0,951.3,951.4,951.1,561,17.4,16.9,17.4,16.7,16.9,16.2,97,97,97,83,1,.1,
2024/05/05,1300 UTC,0,951.3,951.3,951.3,1448.6,19.6,19.1,19.6,17.3,19.1,16.9,97,97,97,116,2.5,1.5,
2024/05/05,1400 UTC,0,950.9,951.5,950.9,2169.1,23,18,23,19.7,20.5,17.4,97,71,74,72,2.5,.3,
2024/05/05,1500 UTC,0,949.8,950.9,949.8,2519.7,25,19.4,25,23,19.6,17.8,76,70,71,5,2.9,1.2,
2024/05/05,1600 UTC,0,948.7,949.8,948.7,2626.7,26.6,20.4,26.6,25,20.4,19.4,73,68,69,5,4.9,3.1,
2024/05/05,1700 UTC,0,947.8,948.7,947.8,2448.9,27.3,20.6,27.6,26.3,20.8,19.8,70,65,67,21,5.8,2.9,
2024/05/05,1800 UTC,0,947.3,947.8,947.2,2020.6,28.2,20.4,28.4,27.3,21.1,19.9,67,62,63,19,5.3,2.5,
2024/05/05,1900 UTC,0,947.1,947.3,947,1317.3,28.6,20.4,28.7,27.9,21,19.9,64,59,61,3,4.4,1.9,
2024/05/05,2000 UTC,0,947.5,947.5,947,720.7,26.3,21.5,28.7,26.3,21.7,19.7,75,59,75,205,4,1,
2024/05/05,2100 UTC,0,947.9,947.9,947.5,97.1,23.4,20.9,26.3,23.4,21.6,20.9,86,75,86,196,2.2,.6,
2024/05/05,2200 UTC,0,948.4,948.4,947.9,,22.3,20.6,23.4,22.3,21,20.6,90,86,90,233,2.3,.4,
2024/05/05,2300 UTC,0,948.9,949,948.4,,21,20.1,22.3,21,20.7,20.1,95,90,95,253,1.1,.1,
2024/05/06,0000 UTC,0,949.2,949.2,948.9,,20.3,19.4,21,20.3,20.3,19.4,96,95,95,199,1.3,.2,
2024/05/06,0100 UTC,0,949.3,949.3,949.1,,19.7,19.1,20.4,19.6,19.6,18.8,96,95,96,224,1.5,0,
2024/05/06,0200 UTC,0,949.4,949.4,949.3,,19.7,19.1,20.1,19.6,19.5,19,96,96,96,248,1,.2,
2024/05/06,0300 UTC,0,949.5,949.5,949.4,,20.1,19.5,20.2,19.7,19.6,19.1,97,96,97,197,1.6,.4,
2024/05/06,0400 UTC,0,949.3,949.5,949.3,.5,19.8,19.2,20.1,19.6,19.5,19.1,97,97,97,212,1.2,0,
2024/05/06,0500 UTC,0,949.2,949.4,949.2,,20,19.5,20,19.8,19.5,19.2,97,97,97,278,0,0,
2024/05/06,0600 UTC,0,948.7,949.2,948.7,,20,19.4,20.1,20,19.5,19.4,97,97,97,224,0,0,
2024/05/06,0700 UTC,0,948.4,948.7,948.4,,19.8,19.2,20,19.5,19.4,19,97,97,97,320,1.6,0,
2024/05/06,0800 UTC,0,948.2,948.5,948.1,.5,19.9,19.3,19.9,19.7,19.3,19.2,97,97,97,168,1,0,
2024/05/06,0900 UTC,0,948.2,948.3,948.2,.5,19.8,19.2,20,19.8,19.4,19.2,97,97,97,35,1.1,0,
2024/05/06,1000 UTC,0,948.4,948.4,948.1,2.9,19.5,19,19.9,19.5,19.3,19,97,97,97,1,0,0,
2024/05/06,1100 UTC,0,948.3,948.4,948.2,162.7,19.7,19.1,19.7,19.5,19.2,18.9,97,97,97,23,1.4,.7,
2024/05/06,1200 UTC,0,948.3,948.5,948.3,480.9,19.7,19.1,19.7,19.4,19.1,18.8,97,97,97,13,5,2.9,
2024/05/06,1300 UTC,0,947.8,948.3,947.8,1523.1,23,19.8,23,19.7,21.5,19.2,97,82,82,10,5.2,3.4,
2024/05/06,1400 UTC,0,947.2,947.8,947.2,2206.9,25.3,18.7,25.3,22.9,19.9,18.1,83,65,67,11,6.2,3.3,
2024/05/06,1500 UTC,0,946.3,947.2,946.3,2527.3,27.4,17.1,27.4,25.1,18.7,16.6,67,52,53,347,6.2,3.3,
2024/05/06,1600 UTC,0,945.5,946.3,945.5,2624.3,28.6,16.8,28.7,27.1,18.1,16,56,46,49,337,7.3,2.6,
2024/05/06,1700 UTC,0,944.6,945.5,944.6,2471.7,28.9,15.3,29.2,28.3,17.9,13.8,52,40,44,329,10.2,3.5,
2024/05/06,1800 UTC,0,944.1,944.6,944.1,2071,28.7,15.3,29.3,28.5,16.2,14.2,46,41,44,327,10.2,3.6,
2024/05/06,1900 UTC,0,943.8,944.1,943.8,1450.3,28.3,15.6,28.7,28.3,16.5,15,48,43,46,355,7.1,2.7,
2024/05/06,2000 UTC,0,944,944.1,943.8,734.2,26.7,17.4,28.4,26.7,18.6,15.6,59,46,57,337,5.1,.9,
2024/05/06,2100 UTC,0,944.6,944.6,944,88.4,22,17.8,26.9,22,18.6,17.1,78,56,77,181,1.5,.3,
2024/05/06,2200 UTC,0,945.1,945.1,944.6,,20.5,18.1,22.1,20.5,18.6,17.8,87,77,86,301,2.1,.1,
2024/05/06,2300 UTC,0,945.7,945.7,945.1,,18.9,17.3,20.5,18.8,18.1,17,90,84,90,256,3.2,1.4,
2024/05/07,0000 UTC,0,946.1,946.1,945.7,,18.3,16.7,19.4,18.2,17.5,16.6,91,87,91,267,3,.4,
2024/05/07,0100 UTC,0,946.3,946.3,946,,17.2,16.2,18.3,17.2,16.9,16.2,94,91,94,146,1.9,0,
2024/05/07,0200 UTC,0,946.3,946.4,946.2,,16.6,15.9,17.2,16.5,16.4,15.8,96,94,96,148,1.1,0,
2024/05/07,0300 UTC,0,946.2,946.3,946.1,,16.2,15.7,16.7,16.2,16,15.6,96,96,96,307,0,0,
2024/05/07,0400 UTC,0,946.1,946.3,946,,16.2,15.7,16.4,16.1,15.9,15.5,97,96,97,131,1.2,0,
2024/05/07,0500 UTC,0,945.8,946.1,945.7,,16.2,15.7,16.4,16.2,15.9,15.7,97,97,97,235,.6,0,
2024/05/07,0600 UTC,0,945.5,945.9,945.5,,15.8,15.3,16.3,15.8,15.8,15.3,97,97,97,227,1.3,.6,
2024/05/07,0700 UTC,0,945.2,945.5,945.1,,15.2,14.7,15.8,15,15.3,14.5,97,97,97,216,1.3,.3,
2024/05/07,0800 UTC,0,945.1,945.3,945.1,,14.9,14.4,15.2,14.7,14.8,14.3,97,97,97,347,1,0,
2024/05/07,0900 UTC,0,945.7,945.7,945,,14.8,14.4,14.9,14.6,14.5,14.2,97,97,97,31,1.6,.6,
2024/05/07,1000 UTC,0,946.5,946.6,945.7,3.3,15.2,14.7,15.2,14.8,14.8,14.3,97,97,97,224,1.4,0,
2024/05/07,1100 UTC,0,947.1,947.2,946.5,141,15.8,15.3,16,15.1,15.6,14.7,97,97,97,284,0,0,
2024/05/07,1200 UTC,0,947.4,947.4,947.1,427.4,17.1,16.6,17.2,15.8,16.6,15.4,97,97,97,13,1.5,.7,
2024/05/07,1300 UTC,0,947.7,947.8,947.4,688.5,18.2,17.7,18.4,17.1,17.9,16.7,97,97,97,346,1.6,.7,
2024/05/07,1400 UTC,0,947.2,947.8,947.2,868.1,19.7,19.1,19.8,18.2,19.1,17.7,97,96,96,188,1.9,.6,
2024/05/07,1500 UTC,0,946,947.2,946,2436.5,22.3,18.3,22.6,19.7,19.2,17.3,96,77,78,209,3.4,1,
2024/05/07,1600 UTC,.2,944.6,946,944.6,2601.5,25.5,19.6,25.6,22.3,19.9,18.1,80,68,70,136,2.8,.9,
2024/05/07,1700 UTC,0,943.5,944.6,943.5,2455.6,27.4,20.4,27.5,25.3,20.7,19.1,72,63,66,187,3.1,1.1,
2024/05/07,1800 UTC,0,942.7,943.5,942.7,2056.7,29.5,17.1,29.7,27.2,20,17,66,47,47,338,6.2,2.9,
2024/05/07,1900 UTC,0,942.2,942.7,942.2,1461.2,29.3,16.6,29.8,29.2,18.1,16.5,51,45,46,313,6.2,3.2,
2024/05/07,2000 UTC,0,942.2,942.2,942.1,727.4,28.1,19.9,30.1,27.9,19.9,16.5,62,46,61,236,6.1,.2,
2024/05/07,2100 UTC,0,942.9,942.9,942.2,83.1,23.1,19.7,28.1,23.1,20.1,18.5,81,61,81,96,2,.1,
2024/05/07,2200 UTC,0,943.6,943.6,942.9,,21,19.6,23.2,20.9,19.8,19.2,92,80,92,92,1.1,0,
2024/05/07,2300 UTC,0,944.3,944.3,943.5,,19.7,18.6,21,19.6,19.6,18.5,94,91,93,259,.6,0,
2024/05/08,0000 UTC,0,944.6,944.7,944.3,,19,18.2,19.7,19,18.6,18.2,95,93,95,278,1,.2,
2024/05/08,0100 UTC,0,944.6,944.8,944.5,,18.9,17.9,19,18.6,18.3,17.7,95,94,94,195,4.1,1.4,
2024/05/08,0200 UTC,0,944.9,945,944.6,,17.9,16.9,19.3,17.9,18.1,16.8,94,91,94,327,5.5,.7,
2024/05/08,0300 UTC,0,944.9,945,944.8,,17.4,16.8,17.9,17.3,16.9,16.6,96,94,96,252,2.1,.2,
2024/05/08,0400 UTC,0,944.8,944.9,944.7,,17.1,16.5,17.4,17,16.8,16.3,96,96,96,262,1.1,.2,
2024/05/08,0500 UTC,0,944.5,944.8,944.4,,16.6,16,17.1,16.6,16.5,16,96,96,96,20,1.4,.7,
2024/05/08,0600 UTC,0,944,944.5,944,,16.1,15.6,16.6,16.1,16,15.6,97,96,97,192,1.4,.1,
2024/05/08,0700 UTC,0,943.7,944,943.6,,16.2,15.7,16.2,16,15.8,15.5,97,97,97,27,1.8,.2,
2024/05/08,0800 UTC,0,943.3,943.7,943.3,,15.8,15.3,16.2,15.8,15.7,15.3,97,97,97,225,1.7,.6,
2024/05/08,0900 UTC,0,943.1,943.4,943.1,,16.1,15.7,16.2,15.8,15.7,15.3,97,97,97,16,1.7,.3,
2024/05/08,1000 UTC,0,942.7,943.2,942.5,4.3,15.9,15.4,16.2,15.9,15.7,15.4,97,97,97,146,1.6,.7,
2024/05/08,1100 UTC,0,942.8,942.9,942.6,199.2,16.3,15.9,16.4,15.8,15.9,15.3,97,97,97,173,1.6,.5,
2024/05/08,1200 UTC,0,943.6,943.6,942.8,688.6,18.9,18.3,18.9,16.3,18.3,15.9,97,97,97,156,2.5,1.2,
2024/05/08,1300 UTC,0,944.6,944.6,943.6,1025.5,20.6,20,20.6,18.7,20,18.2,97,97,97,177,4.1,1.7,
2024/05/08,1400 UTC,0,944.5,944.6,944.4,1783.2,23.2,19.8,23.2,20.6,20.7,19.2,97,80,81,178,3.7,1.6,
2024/05/08,1500 UTC,0,944.1,944.5,944.1,2143.5,26,19.8,26.3,23,20.7,19,82,66,69,141,3.1,1.1,
2024/05/08,1600 UTC,0,943.8,944.2,943.6,1816.1,29,16.4,29.5,26,20.7,16,69,44,47,269,11.9,3.5,
2024/05/08,1700 UTC,0,943.1,943.8,943,1253.9,29.1,16.8,29.8,28.8,17.9,16.2,50,45,48,250,10.1,2.1,
2024/05/08,1800 UTC,0,942.9,943.2,942.9,1471.7,30.3,16.6,30.7,28.9,18.1,16.3,50,43,44,236,6.9,3.4,
2024/05/08,1900 UTC,0,942.7,943,942.5,1383.4,30.7,16.9,30.8,30.1,17.7,15.9,47,42,44,276,8.9,1.1,
2024/05/08,2000 UTC,0,942.9,942.9,942.7,730.8,29.2,17.5,30.9,29.2,17.7,16.2,50,43,50,325,7.1,1,
2024/05/08,2100 UTC,0,943.6,943.6,942.7,76.6,24.9,18.1,29.1,24.9,18.1,17,66,49,66,332,4.9,1,
2024/05/08,2200 UTC,0,944,944,943.6,,22.4,18.8,25.8,21.9,18.8,17.9,82,63,81,166,3.2,.4,
2024/05/08,2300 UTC,0,944.8,944.8,943.9,,21,18.7,22.4,20.8,18.9,18.5,87,80,87,165,1.3,.2,
2024/05/09,0000 UTC,0,945.2,945.3,944.8,,20.8,18.7,21,20.6,18.8,18.5,88,87,88,340,2.2,.7,
2024/05/09,0100 UTC,0,945.6,945.9,945.2,,20.8,18.7,21.1,20.5,18.9,18.6,89,87,88,357,2.6,.9,
2024/05/09,0200 UTC,0,946.2,946.2,945.6,,20.7,18.9,20.9,20.4,18.9,18.7,90,88,90,112,1.5,.4,
2024/05/09,0300 UTC,0,947.3,947.3,946.2,,21.8,19.1,21.8,20.4,19.2,18.8,92,85,85,200,3.5,1.5,
2024/05/09,0400 UTC,0,947.1,947.8,947.1,,22.8,18.2,23.5,21.8,19.1,18.1,85,72,75,215,5.4,2,
2024/05/09,0500 UTC,0,947,947.1,946.5,,21.2,18.5,22.8,20.6,18.8,18.2,87,75,85,173,3.5,.5,
2024/05/09,0600 UTC,0,946.3,947.2,946.3,,20.9,18.8,21.3,20.7,19,18.5,90,85,87,351,2.7,1.7,
2024/05/09,0700 UTC,0,946.3,946.4,945.8,,19.7,18.2,21,19.7,18.8,18.1,91,86,91,152,2.7,.9,
2024/05/09,0800 UTC,0,946.5,946.5,946.1,,19.1,18.1,19.7,19,18.5,18,94,91,94,73,1.7,.2,
2024/05/09,0900 UTC,0,947.4,947.4,946.3,,18.9,18.2,19.1,18.6,18.2,17.8,96,94,96,35,1.5,0,
2024/05/09,1000 UTC,0,947.8,947.9,947.4,1.6,19.3,18.5,19.3,18.9,18.5,18.1,96,95,95,293,1.2,.6,
2024/05/09,1100 UTC,0,948.4,948.6,947.7,214.7,19.9,18.7,19.9,19.3,18.8,18.4,95,93,93,98,1.3,0,
2024/05/09,1200 UTC,0,948.9,949,948.4,570,21.7,18.6,22.1,19.9,19.5,18.6,93,82,83,76,1,.2,
2024/05/09,1300 UTC,0,948.8,949.1,948.7,1090.6,24,18.6,24,21.7,19.5,18.5,84,72,72,62,1.9,.6,
2024/05/09,1400 UTC,0,949.2,949.4,948.8,1707.8,24.4,19,25.7,24,19.6,18.3,73,66,72,321,2.8,1.3,
2024/05/09,1500 UTC,0,948.4,949.2,948.3,1378.7,24.9,19.4,25.4,24.4,19.9,19,74,69,72,350,4,1.4,
2024/05/09,1600 UTC,0,948.2,948.5,948.1,845.8,24.7,19.6,25.7,24.7,20.3,19.1,74,68,73,251,3.4,.8,
2024/05/09,1700 UTC,0,947.4,948.2,947.4,348.3,24.3,20.4,24.8,24.1,20.8,19.4,81,72,79,199,2.3,1.1,
2024/05/09,1800 UTC,.4,947.2,947.5,947,308.8,22.7,20.9,24.3,22.7,21.1,20.1,90,79,89,190,2.7,1.3,
2024/05/09,1900 UTC,0,947.2,947.3,947.1,227.4,22.5,20.4,22.8,22.4,21,20.4,91,88,88,191,2.7,1.2,
2024/05/09,2000 UTC,0,947.2,947.2,946.8,270.1,22.4,20.6,22.6,22.3,20.8,20.4,90,88,90,212,2.4,1.4,
2024/05/09,2100 UTC,0,947.8,947.8,947.2,50.1,21.5,20.4,22.4,21.5,20.7,20.4,93,90,93,177,3.2,1.2,
2024/05/09,2200 UTC,3.4,947.9,948.2,947.7,.7,20.7,19.6,21.5,20.7,20.4,19.6,94,93,93,20,5.9,2.2,
2024/05/09,2300 UTC,7.2,949.2,949.2,947.9,1,19.6,18.9,20.7,19.5,19.5,18.7,96,91,96,172,6.9,.7,
2024/05/10,0000 UTC,1.6,949.6,949.7,949.1,1,19.6,18.5,19.8,19.5,19.2,18.5,96,93,93,22,2.2,.9,
2024/05/10,0100 UTC,0,950,950,949.6,.7,19.1,17.8,19.6,18.9,18.4,17.7,93,91,92,29,2.1,.4,
2024/05/10,0200 UTC,0,950.4,950.4,950,1.2,18.3,16.9,19.1,18.3,17.9,16.9,93,90,92,359,2.9,1.4,
2024/05/10,0300 UTC,0,950.2,950.4,950.2,.1,18,16.8,18.3,18,17,16.8,93,91,93,360,3.9,1.5,
2024/05/10,0400 UTC,0,949.8,950.2,949.8,1.7,17.9,16.6,18,17.9,16.9,16.4,93,91,92,8,3.2,1.1,
2024/05/10,0500 UTC,0,949.7,949.9,949.6,2,17.8,16.2,17.9,17.8,16.6,16.2,92,90,90,352,3.2,1.6,
2024/05/10,0600 UTC,0,949.2,949.7,949.2,2.7,17.7,16.1,17.8,17.7,16.3,16.1,91,90,91,5,3.1,1.1,
2024/05/10,0700 UTC,0,949,949.3,949,4.1,17.4,15.8,17.7,17.3,16.2,15.8,91,89,90,358,2.9,1.1,
2024/05/10,0800 UTC,0,948.8,949.1,948.7,1.9,17.2,15.6,17.4,17.2,15.8,15.6,91,90,90,349,2.3,1.3,
2024/05/10,0900 UTC,0,948.6,948.8,948.5,2.3,17.1,15.6,17.3,17.1,15.7,15.5,91,90,90,356,2.3,1.2,
2024/05/10,1000 UTC,0,948.9,948.9,948.6,4.4,17.1,15.6,17.2,17.1,15.7,15.5,91,90,91,346,2.3,1.1,
2024/05/10,1100 UTC,0,949.3,949.4,948.8,54.7,17.2,15.7,17.2,17.1,15.7,15.4,91,89,91,16,2.7,1.6,
2024/05/10,1200 UTC,0,949.5,949.6,949.3,203.1,17.6,16,17.6,17.2,16.2,15.6,92,90,90,10,3.6,2.2,
2024/05/10,1300 UTC,0,949.2,949.6,949.2,561.3,18.4,16.1,18.4,17.6,16.4,15.8,91,86,87,6,5.1,3,
2024/05/10,1400 UTC,0,948.6,949.2,948.6,551.2,19,16.5,19,18.4,16.7,16.1,87,85,86,25,5.4,3,
2024/05/10,1500 UTC,0,947.5,948.6,947.5,709.4,20.3,17.2,20.5,19,17.7,16.4,87,82,82,7,4.7,2.5,
2024/05/10,1600 UTC,0,946.4,947.5,946.4,2253.2,22.4,17.6,22.5,20.2,18.1,17,84,74,74,355,6,3.4,
2024/05/10,1700 UTC,0,945.5,946.4,945.5,1975.4,23.8,18.4,23.8,22.3,18.4,17.4,76,70,72,351,6,2.1,
2024/05/10,1800 UTC,0,944.4,945.6,944.4,1708.6,24.6,18.5,25,23.4,18.9,17.7,72,66,69,357,4.8,2.2,
2024/05/10,1900 UTC,0,944.2,944.4,943.9,968,22.5,18.6,25.1,22.5,19.1,18.3,79,67,78,189,3.8,1.8,
2024/05/10,2000 UTC,0,944.3,944.4,944.2,184.7,19.9,17.7,22.5,19.9,18.7,17.7,88,78,88,178,3.9,1.4,
2024/05/10,2100 UTC,0,944.9,944.9,944.3,47.8,19,17.6,19.9,19,18,17.6,92,88,92,205,4.7,1.3,
2024/05/10,2200 UTC,0,945.5,945.5,944.9,,18.8,17.7,19,18.8,17.7,17.6,93,92,93,225,3.1,1,
2024/05/10,2300 UTC,0,945.5,945.7,945.4,,18.4,17.5,18.9,18.4,17.8,17.4,94,93,94,203,1.9,.4,
2024/05/11,0000 UTC,0,945.7,945.7,945.4,,18.4,17.5,18.5,18.3,17.6,17.4,95,94,95,154,1.2,.1,
2024/05/11,0100 UTC,0,945.7,945.8,945.5,,18.2,17.4,18.4,18.2,17.6,17.4,95,95,95,182,.9,0,
2024/05/11,0200 UTC,0,945.7,945.8,945.6,,18.2,17.6,18.2,18,17.6,17.3,96,95,96,152,1,0,
2024/05/11,0300 UTC,0,946.1,946.2,945.7,,18.2,17.6,18.4,18.2,17.8,17.6,97,96,97,169,2.5,.6,
2024/05/11,0400 UTC,0,946.1,946.2,945.9,,18.2,17.7,18.3,18.1,17.7,17.6,97,97,97,176,2.2,1,
2024/05/11,0500 UTC,0,946.1,946.1,946,,18.3,17.8,18.3,18.2,17.8,17.6,97,97,97,217,2,.1,
2024/05/11,0600 UTC,0,945.4,946.1,945.4,,18.3,17.8,18.3,18.2,17.8,17.7,97,97,97,144,1.2,.3,
2024/05/11,0700 UTC,0,945.1,945.5,945.1,,18.1,17.6,18.3,18.1,17.8,17.6,97,97,97,196,1.6,.2,
2024/05/11,0800 UTC,0,944.6,945.1,944.5,,18.1,17.6,18.2,18,17.7,17.5,97,97,97,163,1.7,.8,
2024/05/11,0900 UTC,0,944.7,944.7,944.5,,18,17.5,18.1,18,17.6,17.5,97,97,97,179,1.7,.5,
2024/05/11,1000 UTC,0,945,945,944.6,2.9,18,17.5,18,17.9,17.5,17.4,97,97,97,317,1.7,0,
2024/05/11,1100 UTC,0,945.5,945.6,945,150.2,18.2,17.6,18.3,17.9,17.8,17.4,97,97,97,360,1.2,.2,
2024/05/11,1200 UTC,0,946.1,946.2,945.5,367.8,18.9,18.4,19,18.2,18.5,17.7,97,97,97,142,1.1,0,
2024/05/11,1300 UTC,0,945.9,946.2,945.9,428.2,19.6,19.1,19.7,18.9,19.1,18.6,97,97,97,158,1.9,1,
2024/05/11,1400 UTC,0,945.7,945.9,945.7,925.6,21.2,19.3,21.3,19.6,19.6,18.5,97,89,89,180,2.8,.8,
2024/05/11,1500 UTC,0,944.9,945.7,944.9,1712.7,23.6,19.6,23.6,21.2,20.1,19.1,89,79,79,203,2.6,.6,
2024/05/11,1600 UTC,0,943.6,944.9,943.6,1962.1,26.5,20.4,26.5,23.5,20.9,19.6,81,68,69,31,3.2,1.4,
2024/05/11,1700 UTC,0,942.3,943.6,942.3,1979.1,27.7,20.4,27.9,26.1,21.9,19.9,72,63,65,8,3.4,1.8,
2024/05/11,1800 UTC,0,942,942.4,941.9,1223.3,26.4,21.1,27.9,26.1,21.1,19.7,73,62,73,195,3.9,1.2,
2024/05/11,1900 UTC,0,941.6,942,941.5,1143.5,27.4,21.3,28.2,26.3,21.8,20.5,73,65,69,162,2.1,.8,
2024/05/11,2000 UTC,0,942.1,942.1,941.6,492.6,25.3,22.1,27.5,25.2,22.1,21.2,83,69,83,185,2.2,.2,
2024/05/11,2100 UTC,0,942.5,942.5,942.1,61,23.1,21.1,25.3,23.1,22.1,21.1,88,83,88,108,1.3,0,
2024/05/11,2200 UTC,0,942.4,942.5,942.3,,22.4,21.2,23.2,22.2,21.2,20.9,93,88,93,124,1.5,.7,
2024/05/11,2300 UTC,0,943,943.1,942.3,,21.6,20.2,22.4,21.5,21.2,20,93,89,91,274,1.5,.3,
2024/05/12,0000 UTC,0,943.3,943.3,943,,21.3,19.8,22,21.3,20.5,19.8,93,90,91,86,2.8,.5,
2024/05/12,0100 UTC,0,943.5,943.7,943.3,,21,19.6,21.5,21,20.1,19.5,92,91,91,5,2.3,.9,
2024/05/12,0200 UTC,0,943.6,943.6,943.4,,20.5,19.4,21,20.4,19.6,19.3,94,91,94,166,2.3,.4,
2024/05/12,0300 UTC,0,943.5,943.6,943.3,,20.2,19.2,20.5,20.1,19.6,19.2,94,94,94,208,2.6,.3,
2024/05/12,0400 UTC,0,943.3,943.7,943.3,,19.4,18.7,20.2,19.4,19.2,18.7,96,94,96,348,2.4,.2,
2024/05/12,0500 UTC,0,943.1,943.4,943,,19,18.3,19.5,19,18.8,18.3,96,96,96,36,1.5,.3,
2024/05/12,0600 UTC,0,942.5,943.1,942.5,,18.6,17.9,19.1,18.5,18.5,17.8,96,96,96,42,1,0,
2024/05/12,0700 UTC,0,941.9,942.5,941.9,,18.3,17.7,18.6,18.2,18,17.6,96,96,96,187,1.6,0,
2024/05/12,0800 UTC,0,941.6,941.9,941.5,,18,17.5,18.3,18,17.8,17.4,97,96,97,337,2.3,1.1,
2024/05/12,0900 UTC,0,941.7,941.7,941.5,,17.8,17.2,18.1,17.7,17.5,17.1,97,97,97,13,2.5,0,
2024/05/12,1000 UTC,0,942.2,942.2,941.6,.2,17.2,16.7,17.8,17.1,17.3,16.6,97,97,97,126,2,.9,
2024/05/12,1100 UTC,0,942.8,942.8,942.2,139.2,17.8,17.3,17.8,16.9,17.3,16.5,97,97,97,123,1.7,.3,
2024/05/12,1200 UTC,0,943.1,943.1,942.6,389.1,18.3,17.8,18.4,17.7,17.9,17.2,97,97,97,163,2.9,1.4,
2024/05/12,1300 UTC,0,943.3,943.5,943,1322.5,22,19,22,18.3,20.2,17.8,97,83,83,158,3.8,.7,
2024/05/12,1400 UTC,0,942.4,943.3,942.4,2060.6,24.2,18.3,24.2,22,19,17.8,83,69,70,359,3.7,2.3,
2024/05/12,1500 UTC,0,941.5,942.4,941.5,2422.1,25.8,18.2,26.1,24.1,18.9,18,70,62,63,37,4.8,2.6,
2024/05/12,1600 UTC,0,940.3,941.5,940.3,2625.7,29.2,15.6,29.2,25.7,19.3,15.6,64,44,44,239,8.5,2.6,
2024/05/12,1700 UTC,0,939.6,940.4,939.5,2432,29.3,15,29.9,28.7,17.3,15,48,41,42,263,8.8,2.3,
2024/05/12,1800 UTC,0,939.4,939.6,939.3,1777.4,29.3,15.2,29.8,28.8,16.2,14.8,46,41,42,252,9.8,2.9,
2024/05/12,1900 UTC,0,939.7,939.7,939.3,1396.3,29.3,15.7,29.5,29,15.8,14.7,44,41,44,238,9.3,2.7,
2024/05/12,2000 UTC,0,940.2,940.2,939.7,673.6,27.8,15,29.3,27.8,15.6,14.6,46,42,46,243,7.2,2.5,
2024/05/12,2100 UTC,0,940.5,940.5,940.2,76.9,26,15.3,27.8,26,15.6,14.8,52,46,52,247,5.8,1.7,
2024/05/12,2200 UTC,0,940.6,940.7,940.5,,23,17.3,26,22.9,17.4,15.3,71,51,70,288,3.6,2.3,
2024/05/12,2300 UTC,0,940.9,940.9,940.6,,20.6,17.7,23,20.5,17.8,17.3,84,70,83,10,3.5,0,
2024/05/13,0000 UTC,0,941.2,941.2,940.8,,19.4,17.4,20.6,19.2,17.8,17.2,89,83,88,338,1.4,0,
2024/05/13,0100 UTC,0,940.9,941.2,940.8,,18.7,17,19.5,18.6,17.4,16.8,91,87,90,317,1.6,.3,
2024/05/13,0200 UTC,0,941,941.1,940.9,,18.6,16.8,18.9,18.1,17.2,16.6,91,89,89,332,1.6,.6,
2024/05/13,0300 UTC,0,940.7,941,940.6,,19.3,16.4,19.5,18.3,17,16.4,91,83,83,325,2.4,1.2,
2024/05/13,0400 UTC,0,940.5,940.7,940.4,,18.8,16.6,19.9,18.3,16.9,16.2,90,80,87,223,2.4,.1,
2024/05/13,0500 UTC,0,940.4,940.6,940.1,,19.5,15.8,21.1,18.4,16.8,15.8,88,75,80,274,3.3,1.5,
2024/05/13,0600 UTC,0,939.8,940.5,939.8,,18.7,16.4,19.4,18.1,16.7,15.7,89,80,87,356,3.3,1.3,
2024/05/13,0700 UTC,0,939.8,940.1,939.7,,22.7,15.7,23.3,18.7,16.9,15.7,87,63,65,304,5.5,2.1,
2024/05/13,0800 UTC,0,940,940,939.4,,21.1,16.7,23.2,21.1,16.7,15.6,76,64,76,261,5.5,.7,
2024/05/13,0900 UTC,0,940.7,940.7,940,,21.2,17.3,22.6,20.3,17.4,16.2,83,68,78,355,3.9,2.4,
2024/05/13,1000 UTC,0,941.4,941.5,940.7,,20.5,17.6,21.2,19.7,17.9,17.3,89,78,84,303,3.7,1.7,
2024/05/13,1100 UTC,4.2,942.7,942.8,941.4,13.5,18.9,18.1,20.6,18.8,18.1,17.5,95,83,95,233,2.9,.3,
2024/05/13,1200 UTC,1,943.6,943.6,942.6,132.2,19.4,18.7,19.4,18.9,18.7,18.1,96,95,95,138,2.3,1,
2024/05/13,1300 UTC,.2,944.1,944.2,943.4,733,20.4,17.2,21.4,19.4,19.1,17.1,95,79,82,195,7.3,1.8,
2024/05/13,1400 UTC,0,943.8,944.3,943.8,445.7,20.7,18,20.7,20,18,16.6,87,80,85,209,4.8,1.5,
2024/05/13,1500 UTC,0,943.5,943.8,943.3,745.9,20.6,17.3,21.9,20.6,18.3,16.7,85,74,81,175,3.2,1.8,
2024/05/13,1600 UTC,.2,943.2,943.5,943.2,164.8,19.1,16.8,20.6,19.1,17.3,16.8,88,81,87,150,3.8,.7,
2024/05/13,1700 UTC,0,943,943.2,942.8,201.4,19,17.2,19.2,19,17.5,16.8,91,86,89,136,2.5,.8,
2024/05/13,1800 UTC,.8,942.6,943,942.5,115.9,18.4,17.1,19,18.4,17.2,17,92,89,92,140,2.7,1.4,
2024/05/13,1900 UTC,0,942.6,942.9,942.5,128.4,18.5,17.3,18.6,18.3,17.4,17,93,91,92,174,2.6,.4,
2024/05/13,2000 UTC,1.8,943.4,943.4,942.5,35.2,18.1,17,18.6,18.1,17.4,17,94,92,94,150,2.7,1.4,
2024/05/13,2100 UTC,3,943.8,944,943.3,4.5,17.5,16.7,18.1,17.5,17.1,16.7,95,94,95,89,3,.8,
2024/05/13,2200 UTC,.6,943.8,944,943.7,,17.5,16.6,17.6,17.4,16.7,16.4,95,94,95,161,1.8,.1,
2024/05/13,2300 UTC,3.8,944.9,945.1,943.8,,17.3,16.6,17.5,17.2,16.6,16.5,96,95,96,181,1.5,.1,
2024/05/14,0000 UTC,1.2,945.7,945.7,944.9,,17.3,16.6,17.4,17.2,16.7,16.6,96,96,96,53,1,0,
2024/05/14,0100 UTC,1.6,946.1,946.1,945.5,,17,16.3,17.4,17,16.6,16.3,96,94,95,204,1,.2,
2024/05/14,0200 UTC,1.4,946.8,946.8,946.1,1,15.8,14.8,17,15.8,16.3,14.7,96,91,94,163,4.9,1.5,
2024/05/14,0300 UTC,1.4,947.2,947.2,946.7,.1,15.4,14.3,15.8,15.4,14.8,14.3,94,93,94,166,3.1,.9,
2024/05/14,0400 UTC,.6,947.2,947.2,947,,14.6,13.7,15.4,14.6,14.3,13.7,94,93,94,170,3.1,1.7,
2024/05/14,0500 UTC,.8,946.9,947.3,946.7,,14.4,13.5,14.6,14.3,13.7,13.5,95,94,94,165,3.6,1.6,
2024/05/14,0600 UTC,.8,946.7,946.9,946.7,,14,13.3,14.4,14,13.5,13.3,96,94,96,185,4.6,1.5,
2024/05/14,0700 UTC,.4,947.2,947.2,946.7,,14.1,13.5,14.2,13.9,13.6,13.3,96,96,96,172,3.4,1.2,
2024/05/14,0800 UTC,.2,947.6,947.6,947.1,,13.7,13,14.1,13.7,13.5,12.9,96,94,95,166,2.6,.6,
2024/05/14,0900 UTC,.2,948,948.1,947.5,,13.3,12.6,13.8,13.3,13.1,12.6,96,95,95,182,2.7,1.2,
2024/05/14,1000 UTC,.2,948.9,948.9,948,.2,13.2,12.5,13.4,13.1,12.6,12.4,96,95,96,194,3,.8,
2024/05/14,1100 UTC,0,949.7,949.7,948.9,55.2,13.2,12.5,13.4,13.2,12.7,12.5,96,95,95,215,2,1.1,
2024/05/14,1200 UTC,0,950.3,950.3,949.6,161.6,13.5,12.6,13.7,13.2,12.7,12.5,95,93,94,214,2.5,1,
2024/05/14,1300 UTC,.6,950.6,950.6,950.1,369.7,13.7,12.6,13.7,13.5,12.8,12.3,95,92,93,158,2,1,
2024/05/14,1400 UTC,0,950.3,950.7,950.3,1081.9,15,12.5,15.2,13.6,13.4,12,93,83,85,166,1.9,.9,
2024/05/14,1500 UTC,0,950.1,950.4,950.1,883.6,15.5,12.9,15.7,15,13.1,12.5,88,83,85,169,2.2,1.3,
2024/05/14,1600 UTC,0,949.6,950.1,949.6,928.3,15.4,12.4,15.5,14.9,13.5,12.2,89,82,82,112,3.1,.4,
2024/05/14,1700 UTC,0,949.1,949.6,949.1,831.5,15.1,13.2,15.8,14.6,13.5,12.4,90,82,89,185,4.5,1.6,
2024/05/14,1800 UTC,0,948.8,949.1,948.8,688.8,15.7,12.6,16,14.9,13.4,12.2,89,80,82,183,3.5,.8,
2024/05/14,1900 UTC,0,948.6,949,948.6,414.2,16.1,12.6,16.2,15.7,13.3,12.4,83,80,80,163,1.8,.2,
2024/05/14,2000 UTC,0,949,949.1,948.7,240.1,16,12.9,16.3,15.9,13.2,12.3,83,78,82,264,1.4,.2,
2024/05/14,2100 UTC,0,949.2,949.2,948.8,40.7,15.3,13.6,16,15.3,13.9,12.8,91,82,89,195,2.2,.8,
2024/05/14,2200 UTC,0,949.2,949.2,948.9,,14.8,13,15.4,14.7,13.4,12.8,91,84,89,227,2.5,1.1,
2024/05/14,2300 UTC,0,949.7,949.7,949.2,,14.5,12.8,14.8,14.5,13.1,12.7,91,88,90,182,2,.8,
2024/05/15,0000 UTC,0,950,950.2,949.7,,14.6,11.6,14.7,14.5,12.8,11.6,90,82,82,175,4.9,2.5,
2024/05/15,0100 UTC,0,950,950.2,950,,14.1,11.8,14.6,14.1,11.8,11,86,80,86,190,4.9,.8,
2024/05/15,0200 UTC,0,950.1,950.3,950,,13.6,12.3,14.1,13.6,12.3,11.7,91,86,91,198,1.6,.4,
2024/05/15,0300 UTC,0,950.1,950.3,950.1,,13.9,11.8,14,13.6,12.5,11.8,92,87,88,159,1.8,1.1,
2024/05/15,0400 UTC,0,949.9,950.1,949.8,,13.6,11.2,13.9,13.6,12,11.2,89,85,85,174,2.6,1.1,
2024/05/15,0500 UTC,0,950,950.1,949.9,,13.2,11.2,13.7,13.2,11.3,10.7,88,83,87,193,3.1,.8,
2024/05/15,0600 UTC,0,949.7,950.1,949.7,,12.5,10,13.2,12.5,11.4,9.9,89,83,85,151,2.9,1.3,
2024/05/15,0700 UTC,0,950,950,949.7,,12.1,9.6,12.6,12.1,10,9.6,85,83,85,199,3,1,
2024/05/15,0800 UTC,0,950,950.1,949.7,,12.2,9.5,12.3,11.9,9.7,9.3,86,82,84,153,2.7,1.3,
2024/05/15,0900 UTC,0,950.2,950.3,949.9,,11.2,9.6,12.2,11.1,9.7,9.3,90,83,90,194,2.3,.5,
2024/05/15,1000 UTC,0,951,951.1,950,3.6,10.1,9.1,11.2,10.1,9.6,8.9,94,90,93,28,1.6,.3,
2024/05/15,1100 UTC,0,951.1,951.5,951,303.1,11.9,9.6,12.1,9.7,10.2,8.7,94,85,86,351,1.2,.2,
2024/05/15,1200 UTC,0,951.3,951.4,951.1,425.8,11.7,9.9,11.9,11.4,10.3,9.4,90,85,89,158,1.6,.9,
2024/05/15,1300 UTC,0,951.7,951.8,951.3,744.9,12.9,9.5,12.9,11.7,10.2,9,89,79,80,191,3,1.4,
2024/05/15,1400 UTC,0,951.2,951.9,951.1,1157.2,14,10.1,14.4,12.8,10.4,9.4,82,75,77,181,3.6,.5,
2024/05/15,1500 UTC,0,950.5,951.2,950.5,1379.4,15,10.9,15.4,13.9,11.2,9.7,78,73,76,29,2.2,1.3,
2024/05/15,1600 UTC,0,949.7,950.5,949.7,1357.3,16,11.5,16.2,14.9,12.3,10.5,78,74,75,4,2.9,1.2,
2024/05/15,1700 UTC,0,949,949.7,948.9,1823.8,17,12.1,17.9,15.8,13.1,11.4,78,69,73,45,3.4,1.5,
2024/05/15,1800 UTC,0,948.7,949,948.6,1056.3,17.1,12.3,17.6,16.7,12.9,11.8,76,70,73,358,3.5,2,
2024/05/15,1900 UTC,0,948.6,948.8,948.6,626.7,16.9,12.6,17.3,16.7,13,12.3,78,73,76,360,3.5,2,
2024/05/15,2000 UTC,0,948.7,948.7,948.4,282.8,16.7,12.5,17.1,16.7,13.4,12.5,79,75,76,333,3.4,1,
2024/05/15,2100 UTC,0,948.6,948.9,948.5,40.3,15,13,16.7,15,13.6,12.6,88,76,88,192,2.3,1,
2024/05/15,2200 UTC,0,948.8,949,948.6,,13.8,12.5,14.9,13.8,13.1,12.5,92,88,92,225,2.4,.4,
2024/05/15,2300 UTC,0,949.2,949.2,948.8,,14.2,12.9,14.4,13.8,13.3,12.5,94,92,92,162,1.4,.5,
2024/05/16,0000 UTC,0,949.3,949.3,949.2,,13.9,12.8,14.2,13.9,13.1,12.7,93,92,93,233,1.6,1.1,
2024/05/16,0100 UTC,0,949.3,949.3,949.1,,13.9,12.8,13.9,13.7,12.9,12.6,94,93,93,158,1.6,.4,
2024/05/16,0200 UTC,0,949.1,949.3,949,,13.8,12.8,14,13.8,12.9,12.6,94,92,94,197,1.3,.4,
2024/05/16,0300 UTC,0,949,949.3,948.9,,13.7,12.7,13.9,13.7,12.9,12.7,94,94,94,183,1.9,.5,
2024/05/16,0400 UTC,0,948.6,949,948.6,,13.3,12.3,13.7,13.3,12.7,12.3,94,93,94,193,2.1,.3,
2024/05/16,0500 UTC,.2,948.3,948.6,948.3,,12.9,12.2,13.3,12.9,12.4,12.2,95,94,95,208,2,1,
2024/05/16,0600 UTC,.6,947.9,948.3,947.8,.5,12.9,12.3,13,12.8,12.3,12.2,96,95,96,207,1.9,.9,
2024/05/16,0700 UTC,.2,947.4,947.9,947.3,0,12.8,12.3,12.9,12.8,12.4,12.2,96,96,96,227,1.9,1,
2024/05/16,0800 UTC,0,947,947.4,946.9,,12.9,12.3,12.9,12.8,12.4,12.3,97,96,96,177,1.5,.2,
2024/05/16,0900 UTC,.2,947.4,947.5,946.9,,12.9,12.3,13,12.9,12.4,12.3,96,96,96,155,1.6,.3,
2024/05/16,1000 UTC,0,947.4,947.4,947.2,,13,12.4,13.1,12.9,12.5,12.3,96,96,96,208,1.2,.5,
2024/05/16,1100 UTC,0,947.7,947.9,947.4,27.2,13,12.5,13.2,13,12.7,12.4,97,96,97,151,2,1.5,
2024/05/16,1200 UTC,0,948.2,948.2,947.7,114,13.2,12.7,13.2,13,12.7,12.5,97,97,97,168,2.6,1.1,
2024/05/16,1300 UTC,0,948.4,948.5,948.2,212.6,13.6,13,13.6,13,13,12.6,97,96,96,161,2.6,.2,
2024/05/16,1400 UTC,0,948,948.4,948,343.2,13.9,13.1,14,13.5,13.3,12.9,96,95,95,176,2.7,1.3,
2024/05/16,1500 UTC,0,946.9,948,946.9,443,14.3,13.3,14.5,13.8,13.7,13,95,94,94,170,3.1,1.6,
2024/05/16,1600 UTC,0,946.1,946.9,945.9,469.6,14.9,13.8,15,14.1,14,13.2,95,93,93,167,3.9,1.7,
2024/05/16,1700 UTC,.4,945.6,946.2,945.6,663.4,15.1,13.9,15.5,14.5,14.5,13.4,94,92,93,190,4.5,1.5,
2024/05/16,1800 UTC,0,945.5,945.8,945.4,520,15.2,14,15.3,14.7,14.1,13.6,94,92,92,186,5.3,1.3,
2024/05/16,1900 UTC,0,944.9,945.6,944.9,474.3,15.5,14,15.9,15.2,14.5,13.8,93,91,91,158,3.3,1.1,
2024/05/16,2000 UTC,0,944.7,945,944.6,345.9,15.4,14.2,15.7,15.4,14.4,14.1,93,91,93,131,2.9,.9,
2024/05/16,2100 UTC,0,944.7,944.9,944.3,50.7,15.3,14.4,15.6,15.3,14.5,14.2,94,93,94,101,1.7,.5,
2024/05/16,2200 UTC,0,945.4,945.4,944.7,,15.2,14.5,15.3,15.1,14.5,14.3,96,94,96,169,1.7,.3,
2024/05/16,2300 UTC,0,946,946,945.2,,15,14.5,15.3,15,14.6,14.3,97,96,97,184,1.2,.2,
2024/05/17,0000 UTC,0,946.1,946.2,945.9,,15,14.5,15.1,14.9,14.5,14.4,97,97,97,197,1.4,.4,
2024/05/17,0100 UTC,0,946.1,946.3,945.8,,14.8,14.4,15,14.8,14.6,14.3,97,97,97,155,1.8,.5,
2024/05/17,0200 UTC,.2,946.4,946.4,946,0,14.7,14.2,14.9,14.7,14.4,14.2,97,97,97,198,2.4,.7,
2024/05/17,0300 UTC,0,946.6,946.7,946.3,,14.7,14.3,14.8,14.6,14.4,14.2,97,97,97,193,2.1,.5,
2024/05/17,0400 UTC,0,946.6,946.8,946.3,,14.7,14.3,14.8,14.6,14.3,14.2,97,97,97,175,2.5,.6,
2024/05/17,0500 UTC,0,946.6,946.7,946.4,,14.9,14.5,14.9,14.7,14.5,14.3,97,97,97,318,1.7,.5,
2024/05/17,0600 UTC,.2,944.6,946.6,944.6,,15.1,14.6,15.1,14.9,14.6,14.5,97,97,97,337,4.6,2.5,
2024/05/17,0700 UTC,0,944.2,944.6,943.4,,15.8,15.3,15.8,15.1,15.3,14.6,97,97,97,61,5.7,1.2,
2024/05/17,0800 UTC,0,944.3,944.6,944,,15.4,14.8,16,15.3,15.6,14.7,97,96,96,213,4.5,.7,
2024/05/17,0900 UTC,0,944.8,945,944.2,,15.1,14.5,15.4,15.1,14.8,14.5,96,96,96,316,2.7,.1,
2024/05/17,1000 UTC,.2,945.3,945.5,944.8,,15.2,14.7,15.2,15.1,14.7,14.5,97,96,97,260,2.4,.4,
2024/05/17,1100 UTC,0,946.1,946.2,945.3,45,15.5,15,15.5,15.1,15,14.6,97,97,97,154,2.8,1.2,
2024/05/17,1200 UTC,0,946.9,946.9,946,165.6,15.4,14.7,15.7,15.3,15.2,14.6,97,96,96,188,2.9,1.2,
2024/05/17,1300 UTC,0,947.3,947.5,946.6,161,15.8,15.2,15.8,15.4,15.2,14.7,96,96,96,123,3,.9,
2024/05/17,1400 UTC,0,947,947.5,947,210.7,16.1,15.3,16.2,15.8,15.4,15.1,96,95,95,228,2.7,.4,
2024/05/17,1500 UTC,0,946.8,947,946.4,370.9,16.6,15.7,16.9,16.2,15.9,15.3,95,93,94,163,2.9,.6,
2024/05/17,1600 UTC,.8,946.2,946.8,946.1,295.9,17,16.2,17,16.6,16.2,15.7,95,94,95,178,2.7,.9,
2024/05/17,1700 UTC,.6,944.4,946.2,944.3,351.2,17.6,16.8,17.6,17,16.8,16.2,95,94,95,326,3.3,1.7,
2024/05/17,1800 UTC,.4,944.6,944.8,944.1,1143.5,19.3,17.3,19.3,17.6,17.9,16.9,95,89,89,194,4.1,1.1,
2024/05/17,1900 UTC,0,945.2,945.2,944.6,702.9,19,17.1,19.6,18.9,17.7,17.1,90,87,89,188,4.5,1.8,
2024/05/17,2000 UTC,0,945.2,945.3,945.1,388.8,18.8,16.9,19.3,18.8,17.4,16.9,90,88,89,220,4.5,1.3,
2024/05/17,2100 UTC,0,945.9,945.9,945.2,37.1,17.9,16.8,18.8,17.9,17,16.7,93,89,93,285,2.9,.1,
2024/05/17,2200 UTC,0,946.6,946.6,945.9,,18,16.9,18.2,17.9,17,16.8,94,92,93,205,1.9,.5,
2024/05/17,2300 UTC,0,947.1,947.1,946.6,,18,16.9,18,17.9,17,16.9,94,93,94,265,2.1,0,
2024/05/18,0000 UTC,0,947.3,947.5,947,,17.7,17,18,17.7,17,16.9,95,94,95,165,1.2,.3,
2024/05/18,0100 UTC,2.2,947.8,947.8,947.2,,17.5,16.9,17.8,17.5,17,16.9,96,95,96,196,2.4,1.3,
2024/05/18,0200 UTC,2.4,947.9,948,947.2,,17.5,17,17.6,17.4,17,16.8,97,96,97,221,3,.5,
2024/05/18,0300 UTC,0,947.2,947.9,947.2,,17.6,17,17.6,17.5,17.1,16.9,97,97,97,354,1.4,.1,
2024/05/18,0400 UTC,1,947.7,947.7,946.9,,17.5,16.9,17.7,17.5,17.1,16.9,97,97,97,204,3.8,1.9,
2024/05/18,0500 UTC,7.4,947.2,947.8,946.9,,17.3,16.8,17.5,17.3,16.9,16.8,97,97,97,189,4.5,1.1,
2024/05/18,0600 UTC,.2,946.9,947.5,946.9,,17.2,16.7,17.3,17.2,16.8,16.7,97,97,97,300,2.8,0,
2024/05/18,0700 UTC,0,947,947.2,946.9,,17.1,16.5,17.3,17.1,16.8,16.5,97,96,96,203,2.3,1.4,
2024/05/18,0800 UTC,2.2,947.1,947.2,946.9,.2,16.5,16,17.1,16.5,16.5,16,97,96,97,224,2.7,.7,
2024/05/18,0900 UTC,4.8,947.6,947.6,946.9,.5,16.1,15.6,16.5,16.1,16,15.6,97,97,97,219,3.1,1.3,
2024/05/18,1000 UTC,1.8,948.1,948.2,947.4,.8,15.7,15.2,16.1,15.7,15.6,15.2,97,97,97,211,2.9,.9,
2024/05/18,1100 UTC,3.4,948.3,948.6,948.1,32.9,15.6,15.1,15.7,15.5,15.2,15,97,97,97,216,2.9,.7,
2024/05/18,1200 UTC,17.4,948.3,948.9,948.2,27.1,15.3,14.8,15.6,15.2,15.1,14.8,97,97,97,170,3.8,.8,
2024/05/18,1300 UTC,16.2,949.6,949.6,948.3,46.6,15,14.5,15.3,15,14.8,14.5,97,97,97,208,4.6,2,
2024/05/18,1400 UTC,17.2,950,950.2,949.6,61.9,14.7,14.3,15,14.7,14.5,14.3,97,97,97,195,4.6,.9,
2024/05/18,1500 UTC,4.6,949.3,950,949.1,248,15.3,14.8,15.3,14.7,14.8,14.3,97,97,97,299,2.1,.8,
2024/05/18,1600 UTC,6.8,948.4,949.4,948.4,197.7,15.1,14.7,15.4,14.9,14.9,14.4,97,97,97,2,2.4,.3,
2024/05/18,1700 UTC,.6,948,948.4,947.9,307.5,15.4,14.8,15.5,15.1,15,14.7,97,96,96,18,2,.7,
2024/05/18,1800 UTC,2,947.8,948.1,947.7,93.1,15.3,14.7,15.5,15.2,14.8,14.5,96,95,96,242,2.1,.5,
2024/05/18,1900 UTC,7.6,947.7,948.2,947.5,87.3,14.6,14.1,15.3,14.6,14.7,14.1,97,96,97,191,4.2,1.3,
2024/05/18,2000 UTC,3.6,947.6,948.1,947.5,74.8,14.4,13.9,14.7,14.4,14.2,13.9,97,97,97,175,3.9,.7,
2024/05/18,2100 UTC,6.8,948.5,948.5,947.6,3.8,14.1,13.6,14.4,14.1,13.9,13.6,97,97,97,192,3.6,.6,
2024/05/18,2200 UTC,5.8,949.3,949.3,948.5,0,14,13.5,14.2,14,13.7,13.5,97,97,97,168,2.8,1.4,
2024/05/18,2300 UTC,4,949.6,949.9,949.2,.1,13.7,13.2,14,13.7,13.5,13.2,97,97,97,167,3.3,1.3,
2024/05/19,0000 UTC,10,951.3,951.3,949.5,.5,13.3,12.8,13.7,13.2,13.2,12.8,97,97,97,190,4.9,1.8,
2024/05/19,0100 UTC,6.2,952.1,952.1,950.7,0,13.3,12.8,13.3,13.1,12.9,12.7,97,97,97,206,4.2,1.9,
2024/05/19,0200 UTC,4.2,952.2,952.5,951.5,,13,12.3,13.3,13,12.8,12.3,97,95,95,85,3.6,.5,
2024/05/19,0300 UTC,3.2,952.2,952.6,952.2,,12.8,11.7,13.1,12.8,12.3,11.7,95,93,93,333,3,1.4,
2024/05/19,0400 UTC,2.6,950.7,952.5,950.7,,12.6,11.7,12.8,12.6,11.9,11.6,94,93,94,304,2.9,.4,
2024/05/19,0500 UTC,1.2,951.2,951.2,950.7,,12.7,12,12.9,12.6,12,11.7,95,93,95,183,3.4,.3,
2024/05/19,0600 UTC,3.4,949.8,951.3,949.8,,12.8,11.8,12.8,12.7,12.2,11.8,96,94,94,20,3.1,1.5,
2024/05/19,0700 UTC,.2,950.1,950.2,949.7,,12.5,11.7,12.9,12.5,11.9,11.7,95,93,95,185,3.1,.6,
2024/05/19,0800 UTC,.4,950,950.2,950,.1,12.4,11.8,12.5,12.3,11.8,11.7,96,95,96,212,2.1,.1,
2024/05/19,0900 UTC,.6,950.3,950.3,949.8,,12.3,11.8,12.4,12.3,11.9,11.8,97,96,97,186,2,.3,
2024/05/19,1000 UTC,.4,951,951,950.3,,12.2,11.6,12.3,12.1,11.8,11.6,97,96,96,208,3.1,.4,
2024/05/19,1100 UTC,.2,951.6,951.6,951,25.3,12,11.5,12.2,12,11.6,11.4,97,96,97,195,2.3,.7,
2024/05/19,1200 UTC,.6,952,952,951.6,137.2,12.3,11.8,12.4,12,11.8,11.5,97,97,97,200,1.6,.3,
2024/05/19,1300 UTC,0,952.2,952.2,952,284.5,12.6,12,12.7,12.3,12.1,11.7,97,96,96,204,1.9,.9,
2024/05/19,1400 UTC,.2,951.8,952.2,951.8,425.9,13,12.2,13.1,12.6,12.3,11.9,96,95,95,181,2.2,.8,
2024/05/19,1500 UTC,.4,951.1,951.8,951.1,486,13.3,12.3,13.5,12.9,12.6,12,95,93,93,203,1.9,0,
2024/05/19,1600 UTC,0,950,951.1,950,753.6,14,12.7,14.2,13.3,13.1,12.3,94,91,92,182,1.9,.2,
2024/05/19,1700 UTC,0,949.3,950,949.3,454.6,13.9,12.8,14.2,13.9,13,12.6,93,90,93,162,2,.6,
2024/05/19,1800 UTC,0,949.4,949.5,949.2,313.8,13.9,13.1,14,13.7,13.1,12.7,95,93,95,203,2.4,1,
2024/05/19,1900 UTC,.2,949,949.4,949,311.3,14.1,13.1,14.1,13.8,13.3,13,95,94,94,185,2.2,.2,
2024/05/19,2000 UTC,0,949.1,949.1,948.8,164,14.1,13.1,14.3,14,13.3,13,94,93,93,130,1.3,.4,
2024/05/19,2100 UTC,0,949.6,949.6,949.1,19.8,13.8,13.1,14.2,13.8,13.2,13,95,93,95,201,2.8,.6,
2024/05/19,2200 UTC,0,949.3,949.7,949.3,,13.6,12.8,13.8,13.6,13.1,12.8,96,95,95,253,1.7,0,
2024/05/19,2300 UTC,0,950,950,949.3,,13.4,12.8,13.6,13.1,12.8,12.4,96,95,96,176,1.5,.1,
2024/05/20,0000 UTC,.2,950.4,950.4,950,,13.6,13.1,13.7,13.3,13.1,12.8,96,96,96,192,3.9,.3,
2024/05/20,0100 UTC,0,950.1,950.4,950.1,,13.7,13.1,13.8,13.6,13.2,13,96,96,96,192,1.3,.1,
2024/05/20,0200 UTC,0,950.2,950.3,950.1,,14.5,13.2,14.6,13.7,13.6,13.1,96,92,92,169,3.4,1.6,
2024/05/20,0300 UTC,0,950.1,950.3,950.1,,14.4,12.8,15,14.3,13.3,12.8,92,89,90,158,4,1.1,
2024/05/20,0400 UTC,0,949.8,950.1,949.8,,12.7,11.9,14.4,12.7,12.8,11.9,95,90,95,188,2,.1,
2024/05/20,0500 UTC,0,949.8,949.9,949.7,,12,11.4,13.2,11.8,12.6,11.1,96,95,96,27,2.5,0,
2024/05/20,0600 UTC,0,949.5,949.8,949.4,,12.2,11.5,12.8,12,12.3,11.4,97,95,95,91,2.5,.5,
2024/05/20,0700 UTC,0,949.3,949.5,949.3,,10.7,10.2,12.2,10.7,11.5,10.2,96,95,96,219,1.6,.1,
2024/05/20,0800 UTC,0,949.4,949.5,949.3,,10,9.5,10.9,9.9,10.4,9.5,97,96,97,22,2.3,1.4,
2024/05/20,0900 UTC,0,949.8,949.8,949.4,,9,8.6,10,8.9,9.6,8.6,97,97,97,15,1.9,0,
2024/05/20,1000 UTC,0,950.7,950.7,949.8,,8.7,8.3,9,8.6,8.5,8.2,97,97,97,357,2.3,.1,
2024/05/20,1100 UTC,.2,951.7,951.7,950.7,233.6,9.9,9.5,9.9,8.5,9.5,8.1,97,97,97,75,1.2,0,
2024/05/20,1200 UTC,0,952.4,952.4,951.7,1120.8,12.3,10.3,12.3,9.7,11.7,9.4,97,87,88,149,2.5,1.1,
2024/05/20,1300 UTC,0,952.8,952.9,952.4,1536.8,13,8.4,13.3,12.2,11,8.1,87,72,74,166,5.5,2.9,
2024/05/20,1400 UTC,0,952.5,952.9,952.5,2182.3,13.6,8.2,14.8,12.8,9.7,7.8,75,68,70,167,6.3,2.5,
2024/05/20,1500 UTC,0,951.6,952.6,951.6,2528.1,14.9,8.9,15.1,13.6,9.9,8.1,72,67,68,122,4.7,2.5,
2024/05/20,1600 UTC,0,950.9,951.6,950.9,2603.3,16.7,10.1,17,14.8,10.6,8.8,69,62,65,98,4.7,1.3,
2024/05/20,1700 UTC,0,949.9,951,949.9,2453.1,18.6,10.6,19.1,16.5,11.2,9.6,66,58,59,46,3.6,.7,
2024/05/20,1800 UTC,0,949.4,949.9,949.4,2023.7,19.1,11.5,19.4,17.8,11.7,9.8,64,58,61,321,3.1,.7,
2024/05/20,1900 UTC,0,949.6,949.6,949.4,1399.3,19.4,11.1,19.8,18.7,12.1,10.8,63,58,59,259,2.1,.8,
2024/05/20,2000 UTC,0,950.2,950.2,949.6,654.8,18.9,12.1,20.2,18.3,13.4,11.1,68,56,65,228,1.3,0,
2024/05/20,2100 UTC,0,950.6,950.6,950.2,29.9,14.5,12.1,18.9,14.4,12.5,11.3,86,65,86,207,1.4,0,
2024/05/20,2200 UTC,0,951.2,951.2,950.6,,12.8,11.8,14.5,12.8,12.2,11.6,94,86,94,184,0,0,
2024/05/20,2300 UTC,0,951.7,951.7,951.2,,11.9,11.3,12.8,11.9,11.9,11.3,96,94,96,77,1.5,.1,
2024/05/21,0000 UTC,0,951.9,951.9,951.6,,11.3,10.8,12,11.3,11.4,10.8,97,96,97,220,1.2,.1,
2024/05/21,0100 UTC,0,952.1,952.2,951.8,,11.3,10.9,11.3,11,10.9,10.5,97,97,97,355,1,0,
2024/05/21,0200 UTC,0,952.5,952.5,952.1,,11.3,10.9,11.5,11.2,11,10.8,97,97,97,327,1,0,
2024/05/21,0300 UTC,0,952.8,952.8,952.5,,11.1,10.7,11.5,11,11.1,10.7,97,97,97,231,1.5,.8,
2024/05/21,0400 UTC,0,952.8,952.9,952.7,,10.7,10.3,11.1,10.6,10.7,10.2,97,97,97,204,1.5,.1,
2024/05/21,0500 UTC,0,952.8,953,952.8,,10.7,10.3,11,10.6,10.6,10.2,97,97,97,326,1.7,.9,
2024/05/21,0600 UTC,0,952.4,952.9,952.4,,10.6,10.2,10.8,10.5,10.4,10.2,97,97,97,266,1.8,1.1,
2024/05/21,0700 UTC,0,952.2,952.4,952.2,,10.3,9.9,10.7,10.3,10.2,9.9,97,97,97,172,2.1,.5,
2024/05/21,0800 UTC,0,952.3,952.3,952.2,,10.2,9.8,10.4,10.2,10,9.8,97,97,97,134,1.5,.8,
2024/05/21,0900 UTC,0,952.6,952.6,952.3,,10.3,9.9,10.4,10.1,10,9.7,97,97,97,165,1.6,.1,
2024/05/21,1000 UTC,0,953.3,953.3,952.6,.3,10.5,10.1,10.5,10.3,10.1,9.9,97,97,97,211,1.3,.2,
2024/05/21,1100 UTC,.2,953.9,953.9,953.3,54.4,10.7,10.3,10.8,10.5,10.4,10.1,97,97,97,180,1.1,0,
2024/05/21,1200 UTC,0,954.6,954.6,953.9,244.3,11.5,11.1,11.5,10.7,11.1,10.3,97,97,97,167,.9,.1,
2024/05/21,1300 UTC,0,955,955.1,954.6,482.5,12.3,11.9,12.3,11.5,11.9,11.1,97,97,97,185,2,.1,
2024/05/21,1400 UTC,0,954.4,955,954.4,802.8,13.6,13.2,13.7,12.3,13.2,11.9,97,97,97,172,1.1,.1,
2024/05/21,1500 UTC,0,953.6,954.4,953.6,1056.2,14.6,12.4,14.7,13.6,13.8,12.3,97,86,87,12,2.2,1.1,
2024/05/21,1600 UTC,0,952.8,953.6,952.8,985.4,15.5,12.9,15.6,14.6,13.2,12.3,88,84,84,340,2.7,.5,
2024/05/21,1700 UTC,0,951.9,952.8,951.9,714,15.6,13.2,16,15.3,13.5,12.7,87,83,86,185,3.6,1.4,
2024/05/21,1800 UTC,0,951.4,951.9,951.4,566,15.4,13,15.8,15.4,13.4,12.9,87,84,85,158,3.3,1.5,
2024/05/21,1900 UTC,0,951.2,951.4,951.2,322,15.4,13.2,15.7,15.3,13.4,13,87,85,87,177,2.8,1.1,
2024/05/21,2000 UTC,0,951.3,951.3,951.1,127.7,15.2,13.4,15.5,15.1,13.4,13.1,89,86,89,169,2.3,.6,
2024/05/21,2100 UTC,0,951.4,951.4,951.2,18.9,14.6,13,15.2,14.6,13.5,13,90,89,90,219,1.8,.9,
2024/05/21,2200 UTC,0,951.6,951.6,951.4,,14.5,12.9,14.6,14.5,13.1,12.9,91,90,91,168,1.7,.5,
2024/05/21,2300 UTC,0,951.8,951.9,951.6,,14.3,13.1,14.5,14.2,13.1,12.9,93,91,93,208,1.6,0,
2024/05/22,0000 UTC,0,951.9,952,951.7,,14.1,13.1,14.3,14,13.2,13.1,94,93,94,160,1.7,.4,
2024/05/22,0100 UTC,0,951.9,952.1,951.9,,13.9,13.2,14.1,13.9,13.2,13.1,96,94,96,182,1.8,.6,
2024/05/22,0200 UTC,0,952.2,952.2,951.9,,13.8,13.2,13.9,13.8,13.3,13.1,96,96,96,205,2.3,1,
2024/05/22,0300 UTC,0,952.1,952.2,952,,13.9,13.4,13.9,13.8,13.4,13.2,97,96,97,178,2.9,.3,
2024/05/22,0400 UTC,0,952,952.2,951.9,,14,13.5,14,13.9,13.5,13.4,97,97,97,209,1.4,0,
2024/05/22,0500 UTC,.2,951.9,952.1,951.9,,14,13.6,14.1,14,13.6,13.5,97,97,97,165,.8,0,
2024/05/22,0600 UTC,0,951.5,952,951.5,,14.1,13.6,14.1,14,13.6,13.6,97,97,97,206,1.1,.1,
2024/05/22,0700 UTC,0,951.2,951.5,951.1,,14.1,13.7,14.1,14.1,13.7,13.6,97,97,97,196,1.3,0,
2024/05/22,0800 UTC,0,951,951.2,951,,14.1,13.7,14.1,14.1,13.7,13.6,97,97,97,204,1.3,0,
2024/05/22,0900 UTC,.4,951.1,951.1,950.9,,14.2,13.7,14.2,14.1,13.7,13.7,97,97,97,203,0,0,
2024/05/22,1000 UTC,0,951.5,951.5,951.1,,14.2,13.8,14.2,14.1,13.8,13.7,97,97,97,189,0,0,
2024/05/22,1100 UTC,0,952,952,951.5,45.9,14.5,14,14.5,14.2,14.1,13.8,97,97,97,234,0,0,
2024/05/22,1200 UTC,0,952,952,951.9,225.8,15.2,14.6,15.2,14.5,14.6,14.1,97,97,97,88,0,0,
2024/05/22,1300 UTC,0,952.3,952.3,952,354.8,15.8,14.7,15.8,15.2,14.8,14.3,97,93,93,210,1.1,.1,
2024/05/22,1400 UTC,0,952,952.4,952,411.9,16,14.8,16.1,15.7,15.1,14.5,94,93,93,169,3.1,1.1,
2024/05/22,1500 UTC,0,951.1,952,951.1,572.3,17.1,15.6,17.1,16,15.6,14.9,93,90,91,206,2.4,1.1,
2024/05/22,1600 UTC,0,950.3,951.1,950.3,1151.2,18.2,15.7,18.4,17.1,16.3,15.4,91,85,85,175,2.4,1.4,
2024/05/22,1700 UTC,0,949.4,950.3,949.4,1312.3,19.5,16.7,19.5,18,16.7,15.6,87,82,84,215,2.7,1.4,
2024/05/22,1800 UTC,0,948.5,949.4,948.4,1757.3,20.4,17.2,21,19.3,17.7,16,84,78,82,173,2.8,1.7,
2024/05/22,1900 UTC,0,947.9,948.5,947.9,1257.3,20.5,17.5,21.2,20.1,17.7,16.7,83,79,83,180,3.3,1.6,
2024/05/22,2000 UTC,0,947.5,947.9,947.5,559.4,19.9,17.4,20.6,19.9,17.5,17.1,85,82,85,167,3.3,.8,
2024/05/22,2100 UTC,0,947.8,947.8,947.4,37.9,17.6,16.6,19.9,17.6,17.3,16.6,94,85,94,173,1.8,.8,
2024/05/22,2200 UTC,0,948,948,947.8,,16.8,16.1,17.6,16.7,16.6,15.9,95,94,95,146,2.2,.4,
2024/05/22,2300 UTC,0,948.3,948.3,948,,16.9,16.3,16.9,16.7,16.3,16,96,95,96,175,2.3,.8,
2024/05/23,0000 UTC,0,948.6,948.6,948.3,.6,16.8,16.3,16.9,16.8,16.4,16.3,97,96,97,160,2.1,.4,
2024/05/23,0100 UTC,0,948.8,948.8,948.7,1.2,16.8,16.3,16.9,16.8,16.3,16.3,97,97,97,200,2.2,.8,
2024/05/23,0200 UTC,0,949,949,948.8,.5,16.7,16.2,16.8,16.7,16.3,16.2,97,97,97,184,1.9,.6,
2024/05/23,0300 UTC,0,948.7,949,948.7,,16.7,16.2,16.8,16.7,16.3,16.2,97,97,97,128,1.7,.5,
2024/05/23,0400 UTC,0,948.1,948.7,948.1,0,16.7,16.2,16.7,16.6,16.2,16.1,97,97,97,84,1.3,.1,
2024/05/23,0500 UTC,.2,947.6,948.1,947.6,0,16.4,15.9,16.7,16.4,16.2,15.9,97,97,97,11,1.5,1,
2024/05/23,0600 UTC,0,946.9,947.6,946.9,.1,16.3,15.8,16.5,16.3,16,15.8,97,97,97,323,2.4,.3,
2024/05/23,0700 UTC,0,946.7,946.9,946.5,0,16.1,15.6,16.4,16.1,15.9,15.6,97,97,97,24,2.4,1,
2024/05/23,0800 UTC,0,946.9,947,946.6,0,16,15.5,16.2,16,15.7,15.5,97,97,97,104,1.8,.3,
2024/05/23,0900 UTC,0,946.7,947.1,946.7,,16.1,15.6,16.2,16,15.7,15.5,97,97,97,45,1.7,.7,
2024/05/23,1000 UTC,0,946.6,946.7,946.4,1.5,15.5,15,16.1,15.4,15.6,14.9,97,97,97,20,3.9,1.7,
2024/05/23,1100 UTC,0,947.3,947.3,946.5,107.7,15.7,15.2,15.7,15.4,15.2,15,97,97,97,76,3.9,.8,
2024/05/23,1200 UTC,0,947.3,947.5,947.3,396.3,16.3,15.8,16.6,15.7,16.1,15.3,97,97,97,93,2.1,0,
2024/05/23,1300 UTC,0,947.2,947.3,947.1,1359.9,19.3,18.7,19.5,16.2,18.9,15.7,97,97,97,111,1.7,.3,
2024/05/23,1400 UTC,0,946.7,947.2,946.7,1447.9,20.5,18,22.4,18.9,20.2,17.1,97,73,86,130,3.9,1.5,
2024/05/23,1500 UTC,0,945.5,946.7,945.5,2084.2,25.5,16.9,25.6,20.5,18.6,16.6,87,58,59,348,5.4,2.1,
2024/05/23,1600 UTC,0,944.5,945.5,944.5,2343.5,25.7,16.6,26.1,25,17.6,15.7,61,55,57,343,6.6,4.1,
2024/05/23,1700 UTC,0,943.4,944.5,943.4,2104,26.9,17.4,26.9,25.7,17.7,16.4,60,54,56,341,6.6,2.4,
2024/05/23,1800 UTC,0,942.7,943.4,942.6,1570.4,27.3,15.9,27.6,26.6,17.6,15.8,57,48,50,325,7.3,3.6,
2024/05/23,1900 UTC,0,942,942.7,941.9,1162.8,27.1,16.4,27.8,27.1,16.9,15.9,53,49,52,331,7.3,1.9,
2024/05/23,2000 UTC,0,941.8,942,941.6,331.8,24.3,17.6,27.1,24.3,17.6,16.1,66,52,66,354,3.9,1.5,
2024/05/23,2100 UTC,0,941.7,942,941.5,25.1,22.1,18.3,25,21.9,18.3,16.7,79,61,79,343,3.5,.4,
2024/05/23,2200 UTC,0,941.8,942.3,941.7,,21.1,18.6,22.1,20.5,18.6,17.9,87,78,86,8,2.6,.2,
2024/05/23,2300 UTC,0,942.4,942.4,941.6,,20.2,18.4,21.1,20,18.6,18.3,90,86,89,287,2.5,.8,
2024/05/24,0000 UTC,0,941.9,943,941.9,,20.9,17.7,21.7,20.1,18.7,17.4,89,77,82,291,6.2,.9,
2024/05/24,0100 UTC,12.6,943.7,943.7,941.9,2,18,17.4,21,17.9,17.9,16.8,96,81,96,156,7.7,1.5,
2024/05/24,0200 UTC,14.2,943.5,946.3,943.1,,18.2,17.7,18.5,17.3,18,16.7,97,96,97,356,11.5,3,
2024/05/24,0300 UTC,.6,943.6,943.6,942.4,.3,17.8,16.3,18.4,17.5,17.9,16.3,97,91,91,345,7.7,3.9,
2024/05/24,0400 UTC,5.2,942.7,943.9,942.7,,17.2,16.5,17.8,17.2,16.5,16.3,95,91,95,20,6.9,1.9,
2024/05/24,0500 UTC,3.4,943.5,943.5,942.5,,17.2,16.6,17.3,17.1,16.6,16.5,96,95,96,287,3.3,.5,
2024/05/24,0600 UTC,6.2,944.4,944.4,943.3,,18,16.8,18.8,17.2,18,16.6,96,92,93,222,7.1,2.6,
2024/05/24,0700 UTC,3.4,942.2,944.4,941.6,,18.3,17.1,18.4,17.6,17.5,16.6,96,93,93,343,7.8,2.4,
2024/05/24,0800 UTC,1,941.8,942.6,941.7,,17.9,17.1,18.3,17.9,17.2,17,95,93,95,359,4.9,2.8,
2024/05/24,0900 UTC,0,941.4,941.9,941.4,,18.2,17.2,18.2,17.9,17.2,17,95,94,94,8,4.9,2.9,
2024/05/24,1000 UTC,0,942.4,942.4,941.3,.9,18.5,16.7,18.6,18.2,17.2,16.6,94,89,89,357,5.6,1.9,
2024/05/24,1100 UTC,0,942.6,942.8,942.4,34.6,18.6,16.3,18.8,18.5,16.7,16.3,89,86,86,1,5.6,2.7,
2024/05/24,1200 UTC,0,943.4,943.4,942.6,124.6,18.8,16.3,18.8,18.6,16.4,16.3,87,85,86,333,5,1.3,
2024/05/24,1300 UTC,0,943.7,944,943.4,280.6,19.1,16.6,19.1,18.7,16.6,16.3,87,85,86,21,5.7,2.2,
2024/05/24,1400 UTC,0,944.1,944.1,943.7,307,18.8,16.4,19.4,18.8,16.8,16.2,86,82,86,304,3.8,.9,
2024/05/24,1500 UTC,.2,943.5,944.1,943.5,718.8,20.3,17.4,20.4,18.8,17.8,16.5,90,83,83,4,2.3,.7,
2024/05/24,1600 UTC,0,942.7,943.5,942.7,1267.6,20.6,17.4,21,20.2,18.1,16.9,85,79,82,12,2.7,1.8,
2024/05/24,1700 UTC,0,942,942.7,942,1040,21.5,16.6,21.6,20.4,18.1,16.6,85,74,74,313,3.7,1.1,
2024/05/24,1800 UTC,0,942.2,942.3,941.9,1039.9,21.5,14.5,22.3,21.5,17.5,14.3,76,62,65,213,6.2,3.3,
2024/05/24,1900 UTC,0,942.3,942.4,942.1,741.1,21.5,13.6,21.8,21.1,14.9,13.6,67,61,61,189,9.1,3.7,
2024/05/24,2000 UTC,0,943.1,943.1,942.3,761.7,19.8,13.1,21.5,19.8,14.2,13,66,61,65,200,8,3,
2024/05/24,2100 UTC,0,944.3,944.3,943,39.9,18.3,13.3,19.9,17.9,14.1,12.9,78,64,73,158,7.8,1.3,
2024/05/24,2200 UTC,0,945.7,945.7,944.3,,18.2,12.5,18.7,16.9,14,12.4,82,68,70,228,4.7,2.1,
2024/05/24,2300 UTC,0,946.4,946.4,945.7,,16,12.9,18.2,15.9,13,12.2,83,68,82,177,6.2,2.2,
2024/05/25,0000 UTC,0,946.9,946.9,946.4,,16.2,11.9,16.4,15.8,12.8,11.9,82,75,76,191,5.1,1.9,
2024/05/25,0100 UTC,.2,947.5,947.7,946.9,,14.7,11.9,16.3,14.4,12.5,11.8,88,75,83,189,8.6,2.2,
2024/05/25,0200 UTC,0,947.9,947.9,947.4,,14.4,10.1,14.7,14.1,11.8,9.9,83,74,75,197,7.8,2.7,
2024/05/25,0300 UTC,0,948.3,948.4,947.9,.2,13.9,10.4,14.4,13.9,10.9,10.1,82,75,79,164,5.4,1.8,
2024/05/25,0400 UTC,0,948.8,948.8,948.3,,13,8.1,14,12.9,10.3,8.1,80,71,73,205,7.5,3,
2024/05/25,0500 UTC,0,949.2,949.2,948.6,,12.5,8.4,13,12.5,8.4,7.9,76,72,76,219,7.7,2.2,
2024/05/25,0600 UTC,0,949.4,949.4,949.1,,12.1,8.3,12.5,12.1,8.5,8,78,74,77,182,5.6,1.3,
2024/05/25,0700 UTC,0,949.7,949.7,949.2,,11.7,8.3,12.1,11.3,8.3,7.9,80,76,79,173,6.8,2.9,
2024/05/25,0800 UTC,0,950,950,949.5,,10.3,8.6,11.7,10.2,8.6,8,89,80,89,166,6.6,.7,
2024/05/25,0900 UTC,0,950.5,950.5,949.9,,11.5,8.2,11.6,10.3,8.8,8.1,90,79,80,158,4,1.6,
2024/05/25,1000 UTC,0,951.5,951.5,950.5,,11.3,7.8,11.5,11.3,8.3,7.7,81,78,79,144,4.8,2.6,
2024/05/25,1100 UTC,0,952.6,952.6,951.5,186.1,11.2,7.3,11.3,10.9,7.8,7.2,80,77,77,140,5.2,1.3,
2024/05/25,1200 UTC,0,953.3,953.3,952.6,598.5,11.9,7.5,12.1,11.2,8.3,7.1,79,73,74,166,3.1,1.4,
2024/05/25,1300 UTC,0,953.7,953.8,953.3,849.9,12.3,8.2,12.4,11.7,8.3,7.3,77,73,76,155,4.6,2.4,
2024/05/25,1400 UTC,0,953.3,953.7,953.3,1318.4,13.1,7.5,13.3,11.6,8.7,7,77,67,69,171,6.2,3.2,
2024/05/25,1500 UTC,0,953.1,953.4,953,2307.5,13.3,6.6,14.2,12.8,7.9,6,71,62,64,136,8.7,3.5,
2024/05/25,1600 UTC,0,952.6,953.2,952.6,2302.2,14.1,6.9,14.2,12.9,7.6,6.1,66,62,62,119,6.6,3.1,
2024/05/25,1700 UTC,0,951.9,952.6,951.9,2135,15,6.7,15.8,13.7,8.4,6.4,64,57,58,150,5.4,1.7,
2024/05/25,1800 UTC,0,951.8,951.9,951.5,1763.4,15.1,7.9,16.4,14.7,8.3,6.6,63,56,62,205,4.1,1.9,
2024/05/25,1900 UTC,0,951.8,951.9,951.7,822.4,14.5,7.9,15.7,14.5,8.6,7.3,66,59,65,147,4.3,2.2,
2024/05/25,2000 UTC,0,951.8,951.9,951.7,403.2,13.7,9.3,14.6,13.7,9.4,7.7,75,64,75,167,3.8,.8,
2024/05/25,2100 UTC,0,952.6,952.6,951.8,49.9,12.9,8.3,13.7,12.9,9.7,8,79,71,74,104,3.8,.7,
2024/05/25,2200 UTC,0,952.8,952.9,952.6,,11.9,8.1,12.9,11.4,9.1,7.9,86,72,78,176,3.7,1.2,
2024/05/25,2300 UTC,0,953.5,953.6,952.8,,10.4,9,11.9,10.4,9.1,8.1,91,78,91,221,2.6,.1,
2024/05/26,0000 UTC,0,954,954,953.5,,10.9,9.5,10.9,10.3,9.5,9,92,90,91,102,1.6,.6,
2024/05/26,0100 UTC,0,954,954.2,953.9,,10.9,9.3,10.9,10.6,9.5,9,91,89,90,135,2.3,.1,
2024/05/26,0200 UTC,0,954,954.3,953.9,,10.5,9.5,11,10.5,9.6,9.3,93,90,93,208,1.8,0,
2024/05/26,0300 UTC,0,954.1,954.3,953.9,,10.8,9.7,11,10.5,9.8,9.5,93,92,93,169,1.4,.3,
2024/05/26,0400 UTC,0,953.8,954.2,953.8,,10.8,9.4,10.9,10.8,9.8,9.3,93,90,91,154,2.5,.9,
2024/05/26,0500 UTC,.2,954,954,953.8,,10,9,10.8,10,9.4,9,94,91,94,180,2.2,1.2,
2024/05/26,0600 UTC,.6,953.5,954,953.4,,9.8,9.1,10,9.7,9.1,9,96,94,96,192,2.7,.8,
2024/05/26,0700 UTC,0,953.5,953.6,953.4,,9.7,9.1,9.8,9.7,9.2,9,96,96,96,187,3.1,1.4,
2024/05/26,0800 UTC,0,953.4,953.5,953.4,,9.8,9.2,9.9,9.7,9.2,9.1,96,96,96,175,3.1,1,
2024/05/26,0900 UTC,.2,953.9,953.9,953.4,,9.8,9,9.8,9.7,9.2,8.9,96,95,95,213,3,.3,
2024/05/26,1000 UTC,0,954.5,954.5,953.9,,10.1,9.2,10.1,9.8,9.2,9,95,94,94,199,1.3,0,
2024/05/26,1100 UTC,0,955.2,955.2,954.5,47.5,10.3,9.3,10.3,10,9.3,9.1,95,93,93,171,2.2,1,
2024/05/26,1200 UTC,0,955.6,955.6,955.2,259,10.8,9.2,10.8,10.3,9.6,9.2,94,90,90,155,2.2,1.1,
2024/05/26,1300 UTC,0,956,956,955.6,715.9,12.1,10.1,12.1,10.7,10.2,9.1,90,86,88,186,1.9,1,
2024/05/26,1400 UTC,0,956.2,956.2,956,624.6,12.5,9.2,12.7,12,10.5,9.2,88,80,80,191,2.3,.6,
2024/05/26,1500 UTC,0,955.8,956.2,955.8,579.5,12.7,10,12.8,12.3,10,9.2,84,80,83,160,1.7,.4,
2024/05/26,1600 UTC,0,955.1,955.8,955.1,683.6,12.5,9.9,12.8,12.2,10.4,9.4,86,82,84,175,2.3,.6,
2024/05/26,1700 UTC,0,954.4,955.1,954.4,472.6,12.6,9.8,12.7,12.3,10.1,9.1,85,80,83,183,2.4,.7,
2024/05/26,1800 UTC,0,954.1,954.4,954.1,338.9,12.6,9.8,12.6,12.4,9.8,9.3,84,81,83,199,2.3,1.2,
2024/05/26,1900 UTC,0,954,954.2,954,289.7,12.4,9.7,12.8,12.4,10,9.2,85,80,84,258,1.9,.6,
2024/05/26,2000 UTC,0,954,954.1,954,123.8,12.1,10.3,12.4,12.1,10.4,9.5,89,83,89,172,1.3,.3,
2024/05/26,2100 UTC,0,954.2,954.3,954,8.8,12,10.4,12.1,11.9,10.6,10.2,91,89,90,143,1.5,.9,
2024/05/26,2200 UTC,0,954.4,954.5,954.2,,11.9,10.4,12,11.8,10.5,10.2,91,90,91,164,1.5,0,
2024/05/26,2300 UTC,0,954.5,954.7,954.4,,11.8,10.5,11.9,11.7,10.5,10.3,92,90,92,187,.9,0,
2024/05/27,0000 UTC,0,954.2,954.6,954.1,,11.8,10.6,11.9,11.8,10.6,10.5,93,92,92,238,1.3,0,
2024/05/27,0100 UTC,0,955,955,954.2,,11.5,10.4,12.1,11.5,10.7,10.2,93,89,93,179,3.3,.9,
2024/05/27,0200 UTC,1.6,954.7,955.4,954.7,,11.3,10.6,11.5,11.2,10.6,10.3,96,93,96,163,2.7,.8,
2024/05/27,0300 UTC,.6,954.3,954.7,954,,11.2,10.6,11.3,11.1,10.7,10.5,96,96,96,251,2.1,1.3,
2024/05/27,0400 UTC,2,953.8,954.7,953.8,,11.2,10.6,11.3,11.2,10.7,10.5,96,96,96,200,3.1,1.5,
2024/05/27,0500 UTC,.8,953.3,954.1,953.3,,11.3,10.7,11.3,11.2,10.7,10.6,96,96,96,176,3,.9,
2024/05/27,0600 UTC,1,952.3,953.3,952.3,,11.1,10.5,11.3,11.1,10.7,10.5,96,96,96,193,2.6,1.1,
2024/05/27,0700 UTC,1.6,951.8,952.3,951.7,,11,10.4,11.1,10.9,10.5,10.4,96,96,96,191,3.6,.7,
2024/05/27,0800 UTC,2.6,951.4,952.2,951.4,,11,10.5,11.1,11,10.6,10.4,97,96,97,307,5.9,0,
2024/05/27,0900 UTC,2.2,951.5,951.7,951.3,,11.2,10.7,11.3,11,10.8,10.5,97,97,97,149,2.4,.9,
2024/05/27,1000 UTC,2,952.1,952.2,951.5,,11.4,10.9,11.4,11.2,10.9,10.7,97,97,97,198,1.8,.2,
2024/05/27,1100 UTC,3.2,952.7,952.9,952.1,30.4,11.4,11,11.5,11.3,11,10.8,97,97,97,163,1.5,.4,
2024/05/27,1200 UTC,2,952.9,953,952.5,200.4,12.1,11.6,12.3,11.4,11.8,10.9,97,96,96,252,2.8,1.7,
2024/05/27,1300 UTC,.6,952.9,953,952.5,482.2,13.1,12,13.1,12.1,12,11.5,96,93,93,156,2.6,.1,
2024/05/27,1400 UTC,.2,952.6,953,952.5,475.8,13.3,12.2,13.7,13.1,12.6,11.9,94,92,93,181,2.1,1.1,
2024/05/27,1500 UTC,5.8,951.6,952.6,951.6,238.1,13.6,12.9,13.6,13.1,12.9,12.1,96,93,96,214,2.7,.6,
2024/05/27,1600 UTC,.2,950.3,951.6,950.3,699.7,14,12.8,14.4,13.6,13.5,12.8,96,92,92,158,2.5,1.2,
2024/05/27,1700 UTC,.8,949.2,950.3,949.1,429.4,14,13.1,14.2,13.9,13.2,12.8,94,92,94,180,2.5,.6,
2024/05/27,1800 UTC,2.4,948.3,949.3,948.3,187,13.8,13.2,14.1,13.7,13.2,13,96,94,96,90,2.4,1,
2024/05/27,1900 UTC,1.6,948.5,948.8,948.3,105.1,13.9,13.3,14,13.8,13.4,13.2,96,96,96,137,2.4,.5,
2024/05/27,2000 UTC,2.2,947.8,948.5,947.3,95.4,14,13.4,14.1,13.7,13.6,13.1,97,96,96,228,4.8,1,
2024/05/27,2100 UTC,1.6,947.5,947.8,947.2,13.2,13.8,13.3,14,13.8,13.4,13.2,97,96,97,236,1.9,0,
2024/05/27,2200 UTC,1,947.7,947.8,947.4,,13.8,13.2,13.8,13.7,13.3,13.2,97,97,97,215,1.3,0,
2024/05/27,2300 UTC,.2,947.6,947.8,947.4,,13.8,13.3,13.8,13.7,13.3,13.2,97,97,97,235,1,0,
2024/05/28,0000 UTC,0,947.4,947.6,947.1,,13.6,13.1,13.8,13.4,13.3,13,97,97,97,207,2.1,0,
2024/05/28,0100 UTC,0,948.3,948.3,947.4,1.7,13.2,11.4,13.9,13.2,13.4,11.3,97,87,88,93,6.8,.7,
2024/05/28,0200 UTC,.2,948.3,948.4,948.2,4,12.7,10.3,13.4,12.6,11.4,10.1,89,83,85,121,5.4,1.1,
2024/05/28,0300 UTC,0,948.1,948.4,948,5.1,12.7,9.4,13.1,12.4,10.5,9.4,87,78,80,188,6.1,2.8,
2024/05/28,0400 UTC,.2,947.9,948.1,947.9,1.5,11.5,8.8,12.7,11.5,9.4,8.7,84,80,83,167,6,2.4,
2024/05/28,0500 UTC,0,947.7,948,947.7,,11,7,11.6,11,8.8,6.9,83,76,76,196,6.9,3,
2024/05/28,0600 UTC,0,947.4,947.7,947.4,,11,5.7,11.3,10.7,7,5.6,78,68,70,199,11.1,3.5,
2024/05/28,0700 UTC,0,947.6,947.7,947.2,,10.8,4.5,11.1,10.6,5.7,4.4,70,64,65,200,12.8,5,
2024/05/28,0800 UTC,0,948,948,947.6,,10.5,4.1,10.8,10.2,4.6,4.1,68,64,65,207,11.3,4.5,
2024/05/28,0900 UTC,0,948.4,948.5,948,,10.1,4.3,10.6,9.9,4.4,3.8,68,63,67,204,9.3,2.7,
2024/05/28,1000 UTC,0,948.9,949,948.4,,10.6,5.1,10.7,9.7,5.2,4.3,71,67,69,202,7.1,3.2,
2024/05/28,1100 UTC,0,949.4,949.5,948.8,191.8,10.4,3.5,10.6,9.9,5.5,3.5,73,62,62,218,7.1,2.8,
2024/05/28,1200 UTC,0,949.5,949.6,949.2,996.8,11.2,4.2,11.2,10.4,4.6,3.1,64,60,62,194,9.2,3.4,
2024/05/28,1300 UTC,0,950.1,950.1,949.5,1724.6,12,5.6,12.3,11.2,5.7,3.8,65,59,65,159,7.3,3.9,
2024/05/28,1400 UTC,0,950.2,950.2,950,2038.9,12,4.4,12.8,11.7,6.1,3.8,66,56,60,185,9,4.4,
2024/05/28,1500 UTC,0,949.8,950.2,949.8,2420.5,12.6,3.6,13.1,11.8,5,3.3,61,53,54,214,10.5,4.3,
2024/05/28,1600 UTC,0,949.4,949.8,949.4,2493.3,13,3.9,13.4,12.3,5,3,58,52,54,202,10.5,4.3,
2024/05/28,1700 UTC,0,948.5,949.4,948.5,2309.6,14.2,4.8,14.4,12.6,5.5,3.3,57,51,53,207,8.7,3.7,
2024/05/28,1800 UTC,0,948.8,948.8,948.4,1874.5,13.6,5.1,14.5,13.5,5.7,4.3,58,52,57,192,10.4,5.1,
2024/05/28,1900 UTC,0,948.8,949.1,948.6,1416.5,13,5.3,13.7,12.9,5.7,4.6,61,56,60,192,15.7,4.6,
2024/05/28,2000 UTC,0,949.3,949.3,948.8,611.1,11.8,6,13.4,11.8,6.4,5.4,67,60,67,198,8.9,3.1,
2024/05/28,2100 UTC,0,950.1,950.2,949.3,32.3,11.4,5.9,11.8,11.4,6.5,5.9,72,67,69,173,10.8,5.1,
2024/05/28,2200 UTC,0,951,951,950.1,,10.5,5.3,11.4,10.4,5.9,5.2,71,67,70,173,15.1,3,
2024/05/28,2300 UTC,0,951.6,951.7,951,,10.1,5.4,10.5,10.1,5.6,5.3,73,70,73,197,9.2,4.4,
2024/05/29,0000 UTC,0,951.7,951.9,951.5,,9.7,5.5,10.1,9.7,5.5,5.2,75,72,75,194,10.5,2.2,
2024/05/29,0100 UTC,0,952,952,951.6,,9.6,5.7,10,9.4,5.7,5.5,77,74,77,110,8.2,1.2,
2024/05/29,0200 UTC,0,952.1,952.2,952,,9.5,5.9,9.7,9.1,6.1,5.6,81,75,78,204,5,1.1,
2024/05/29,0300 UTC,0,952.5,952.7,952.1,,9.3,6.8,9.5,8.6,7,5.8,88,78,85,282,3.1,.6,
2024/05/29,0400 UTC,0,952.4,952.6,952.3,,9.8,6.9,10,9.3,7,6.5,85,80,82,337,3.3,1.5,
2024/05/29,0500 UTC,0,952.3,952.4,952.3,,9.4,7.6,9.9,9.1,7.6,6.6,89,80,89,13,2.1,.5,
2024/05/29,0600 UTC,0,951.7,952.3,951.7,,8.2,6.8,9.4,8.2,7.7,6.8,91,88,91,170,1.4,.3,
2024/05/29,0700 UTC,0,951.5,951.7,951.4,,7.3,6.3,8.2,7.2,6.8,6.1,94,91,94,197,1.7,1.1,
2024/05/29,0800 UTC,0,951.8,951.8,951.5,,9,6.5,9.1,6.7,7.3,5.9,95,84,84,196,4.5,2.1,
2024/05/29,0900 UTC,0,952.3,952.3,951.8,,8.3,7.1,8.9,7.2,7.1,6,94,84,92,209,4.2,1.7,
2024/05/29,1000 UTC,0,952.7,952.7,952.3,,9.9,6.8,9.9,8.3,7.1,6.3,92,81,81,188,5.1,2.3,
2024/05/29,1100 UTC,0,953.2,953.2,952.7,202.8,10.7,7.3,10.7,9.6,7.3,6.6,82,79,80,177,5.5,2.4,
2024/05/29,1200 UTC,0,953.5,953.5,953.2,848.9,12.3,7.4,12.3,10.7,7.6,7.1,80,72,72,184,9.1,3.6,
2024/05/29,1300 UTC,0,954,954,953.5,1513.3,13.4,7.8,13.4,12.3,8,7.4,73,68,69,185,9.9,4.9,
2024/05/29,1400 UTC,0,953.8,954.1,953.8,1815.2,14.7,8.2,14.7,13.3,8.5,7.4,71,65,65,184,9.9,3.9,
2024/05/29,1500 UTC,0,953.5,953.9,953.5,2394.4,15.7,7.6,16,14.5,8.6,6.8,66,57,59,170,10,3.6,
2024/05/29,1600 UTC,0,952.9,953.5,952.9,2434,17.6,8.3,17.6,15.6,8.9,7.2,60,55,55,199,9.2,2.5,
2024/05/29,1700 UTC,0,952.2,952.9,952.2,2277.8,17.5,7.6,18.4,16.5,9.3,7.1,58,51,52,221,8.2,4.2,
2024/05/29,1800 UTC,0,952.1,952.3,952.1,1914,18,7.2,18.4,17.3,8.4,6.9,54,49,49,194,8.2,2.4,
2024/05/29,1900 UTC,0,952.1,952.1,952,1341.9,18,8.7,18.2,17.6,8.7,7,55,49,55,217,6.2,2.3,
2024/05/29,2000 UTC,0,952.4,952.4,952,602.8,16.4,8.3,18.1,16.4,9,7.6,59,50,59,230,4.6,2.4,
2024/05/29,2100 UTC,0,953.1,953.1,952.4,31,12.8,9.5,16.4,12.8,9.5,8.4,80,59,80,200,4.6,.3,
2024/05/29,2200 UTC,0,953.2,953.2,953,,11.1,9.2,12.8,11.1,9.5,8.7,88,80,88,288,1.7,.5,
2024/05/29,2300 UTC,0,953.4,953.5,953.3,,10.2,9,11.6,9.8,9.6,8.6,94,87,92,283,1.8,.5,
2024/05/30,0000 UTC,0,953.7,953.7,953.4,,8.9,7.9,10.2,8.9,9.1,7.7,95,92,93,316,2.4,.2,
2024/05/30,0100 UTC,0,954,954.1,953.7,,8.2,7.4,9.1,8.2,8.3,7.4,96,93,95,157,1.6,0,
2024/05/30,0200 UTC,0,954.1,954.2,954.1,,7.5,7,8.3,7.5,7.7,7,97,95,97,99,.6,0,
2024/05/30,0300 UTC,0,954.1,954.2,954,,6.8,6.4,7.5,6.7,6.9,6.3,97,97,97,130,.9,0,
2024/05/30,0400 UTC,0,954.2,954.3,954.1,,6.5,6.2,6.8,6.1,6.4,5.8,98,97,98,229,.8,0,
2024/05/30,0500 UTC,0,953.8,954.3,953.8,,5.5,5.3,6.5,5.5,6.2,5.3,98,98,98,141,0,0,
2024/05/30,0600 UTC,0,953.4,953.8,953.3,,5.3,5,5.7,5.1,5.4,4.9,98,98,98,142,2.3,.5,
2024/05/30,0700 UTC,0,953.2,953.5,953.1,,4.8,4.6,5.4,4.8,5.1,4.6,98,98,98,159,1,0,
2024/05/30,0800 UTC,.2,953.4,953.4,953.1,,4.7,4.5,4.8,4.7,4.6,4.5,99,98,99,155,0,0,
2024/05/30,0900 UTC,0,953.9,953.9,953.3,,4.4,4.2,4.7,4.1,4.5,3.9,99,99,99,30,0,0,
2024/05/30,1000 UTC,0,954.5,954.5,953.9,,4.1,3.9,4.4,4.1,4.2,3.9,99,99,99,36,0,0,
2024/05/30,1100 UTC,0,955.2,955.2,954.5,124.3,4.8,4.5,4.8,4.1,4.5,3.9,99,99,99,87,0,0,
2024/05/30,1200 UTC,0,955.6,955.6,955.2,646.4,6.4,6.1,6.5,4.7,6.1,4.5,99,98,98,82,1.2,.1,
2024/05/30,1300 UTC,0,955.5,955.7,955.5,1370.1,11.5,11.1,11.5,6.3,11.1,6.1,98,97,97,350,1.4,.3,
2024/05/30,1400 UTC,0,955,955.5,955,2016,14,9.2,14.2,11.5,11.3,8.7,97,71,73,14,3.2,2.2,
2024/05/30,1500 UTC,0,954.3,955,954.3,2345.3,15.4,8.8,15.9,14,9.9,8.7,74,64,65,12,5.1,3.1,
2024/05/30,1600 UTC,0,953.6,954.3,953.5,2444,17,9.6,17,15.4,9.9,8.7,66,60,62,10,5.2,3.1,
2024/05/30,1700 UTC,0,953.2,953.6,953.1,2306.2,17.5,9,17.8,16.4,9.9,8.4,63,56,57,10,5.7,2.9,
2024/05/30,1800 UTC,0,952.9,953.2,952.9,1904.1,17.8,9.2,18.1,17.3,9.6,8.6,59,55,57,358,5.7,1.9,
2024/05/30,1900 UTC,0,952.6,953,952.6,1305.6,18,9.7,18.5,17.8,10,8.9,60,55,58,340,3.6,1.7,
2024/05/30,2000 UTC,0,953.3,953.3,952.6,583.8,16.5,9.9,18,16.5,10.6,9.4,65,58,65,7,3.5,.5,
2024/05/30,2100 UTC,0,953.6,953.7,953.3,26.4,13.2,10.4,16.5,13,10.4,9.6,84,65,84,199,1.3,0,
2024/05/30,2200 UTC,0,954.1,954.1,953.6,,11.2,10,13.2,11.1,10.6,9.8,93,84,93,24,.8,0,
2024/05/30,2300 UTC,0,954.7,954.7,954.1,,10.2,9.4,11.3,9.9,10.2,9.1,95,92,95,332,.9,.2,
2024/05/31,0000 UTC,0,955,955,954.6,,9.1,8.5,10.4,9.1,9.8,8.4,96,95,96,51,1.3,0,
2024/05/31,0100 UTC,0,955.5,955.5,955,,8.5,8.1,9.3,8.4,8.8,7.9,97,96,97,221,.7,0,
2024/05/31,0200 UTC,0,955.6,955.6,955.4,,8,7.6,8.9,8,8.5,7.6,97,97,97,284,.9,.2,
2024/05/31,0300 UTC,0,955.6,955.6,955.5,,7.1,6.8,8.1,7.1,7.6,6.8,98,97,98,11,.9,0,
2024/05/31,0400 UTC,.2,955.6,955.7,955.6,,7.1,6.8,7.2,7,6.8,6.7,98,98,98,340,.5,0,
2024/05/31,0500 UTC,0,955.4,955.7,955.4,,7.1,6.8,7.3,7.1,7,6.8,98,98,98,254,.8,.1,
2024/05/31,0600 UTC,0,954.8,955.4,954.8,,7.1,6.7,7.3,7.1,7,6.7,98,98,98,293,.8,0,
2024/05/31,0700 UTC,0,954.8,955,954.7,,7.1,6.8,7.1,6.9,6.8,6.6,98,98,98,281,0,0,
2024/05/31,0800 UTC,0,954.8,955,954.7,,7.5,7.1,7.5,7.1,7.1,6.8,98,98,98,360,1,.1,
2024/05/31,0900 UTC,0,955.3,955.4,954.8,,7.8,7.5,7.8,7.5,7.5,7.2,98,97,97,80,.8,0,
2024/05/31,1000 UTC,0,956.2,956.2,955.3,,8.2,7.9,8.3,7.9,7.9,7.5,97,97,97,336,.9,.1,
2024/05/31,1100 UTC,0,956.8,956.8,956.2,56.8,8.7,8.3,8.7,8.2,8.3,7.9,97,97,97,28,1.4,.5,
2024/05/31,1200 UTC,0,957,957.1,956.8,186,9.7,9.3,9.7,8.7,9.3,8.3,97,97,97,350,2.1,.1,
2024/05/31,1300 UTC,0,957,957,956.9,509.5,10,9.4,10.1,9.6,9.7,9.3,97,96,96,19,5.2,3.4,
2024/05/31,1400 UTC,0,956.8,957.1,956.8,812.2,11.1,9,11.2,9.9,9.5,8.7,96,86,87,20,5.1,3,
2024/05/31,1500 UTC,0,956.1,956.8,956.1,955.3,11.5,8.6,11.9,10.9,9.3,8.6,87,82,82,39,4.6,2.4,
2024/05/31,1600 UTC,0,955.7,956.1,955.6,1617.1,12.6,8.5,13.4,11.5,9.9,8.5,83,76,76,67,4.2,1.9,
2024/05/31,1700 UTC,0,954.9,955.7,954.9,2175.4,14,8.7,14.5,12.5,9.7,8.7,79,70,71,4,4.2,1.7,
2024/05/31,1800 UTC,0,954.6,954.9,954.5,1581.9,15.1,8.9,15.6,14,9.9,8.7,72,65,67,209,3.5,.7,
2024/05/31,1900 UTC,0,954.2,954.6,954.2,1313.1,15.8,9.5,16.1,15.1,9.9,8.9,68,64,66,341,2.9,.9,
2024/05/31,2000 UTC,0,954.1,954.2,953.9,584.1,14.1,9.1,16.2,14.1,10.3,9.1,72,65,72,304,2.1,.1,
2024/05/31,2100 UTC,0,954.4,954.4,954,31.3,11.6,9.8,14.1,11.6,10.1,9.1,89,72,89,209,1.9,.6,
2024/05/31,2200 UTC,0,955,955,954.4,,10.1,9.1,11.6,10.1,9.9,9.1,94,89,94,236,2.2,.2,
2024/05/31,2300 UTC,0,955.4,955.4,955,,10,9.3,10.1,9.6,9.3,8.7,95,94,95,30,1.2,0,
2024/06/01,0000 UTC,0,955.7,955.7,955.4,,10.6,9.6,10.6,10,9.8,9.3,96,94,94,260,1.2,.5,
2024/06/01,0100 UTC,0,956,956,955.6,,10.8,9.7,10.8,10.5,9.8,9.6,95,93,93,248,1.1,0,
2024/06/01,0200 UTC,0,955.8,956,955.8,,10.9,9.9,11,10.8,9.9,9.7,93,93,93,10,1.5,.4,
2024/06/01,0300 UTC,0,955.5,955.8,955.5,,11,9.9,11,10.9,9.9,9.7,93,93,93,163,2.5,0,
2024/06/01,0400 UTC,0,955.1,955.5,955.1,,11,10.1,11.1,10.9,10.1,9.9,94,92,94,242,1.3,0,
2024/06/01,0500 UTC,0,955.1,955.2,955.1,,11.1,10.2,11.2,11,10.2,10.1,94,94,94,183,1.5,.6,
2024/06/01,0600 UTC,0,955.1,955.4,955.1,,12,10.8,12,11,11,10.2,95,93,93,352,2,.4,
2024/06/01,0700 UTC,0,954.8,955.1,954.8,,12.1,10.4,12.1,11.8,10.8,10.4,93,90,90,354,3.6,1.6,
2024/06/01,0800 UTC,0,954.4,954.8,954.4,,11.9,10.1,12.1,11.9,10.4,10.1,90,87,89,350,4.1,1.1,
2024/06/01,0900 UTC,0,954.6,954.6,954.4,,12.5,9,12.7,11.8,10,8.7,89,77,80,350,7,.8,
2024/06/01,1000 UTC,0,955.1,955.1,954.6,,12.2,9.6,12.5,12.2,9.6,9.1,84,80,84,13,2.9,1.7,
2024/06/01,1100 UTC,0,955.6,955.6,955.1,66,12.6,10,12.6,12.1,10,9.4,86,82,84,15,2.6,1.3,
2024/06/01,1200 UTC,0,955.9,955.9,955.5,383.8,13.9,9.8,13.9,12.6,10.3,9.5,84,76,77,19,2.7,1.7,
2024/06/01,1300 UTC,0,955.9,956.1,955.9,1057.3,16,10.1,16,13.9,10.4,9.4,77,68,68,354,4.6,1.8,
2024/06/01,1400 UTC,0,955.2,955.9,955.2,1901.9,16.9,9.9,17,16,10.5,9.3,69,63,63,349,7.6,4.4,
2024/06/01,1500 UTC,0,954.6,955.2,954.6,2143.8,17.6,10.8,18.2,16.7,11.2,10,65,61,64,356,9.2,4,
2024/06/01,1600 UTC,0,953.6,954.6,953.6,2360.2,18.9,11,19.1,17.6,11.7,10.4,66,60,60,355,7.8,3.3,
2024/06/01,1700 UTC,0,952.9,953.6,952.9,2277.2,19.9,11.5,19.9,18.8,11.7,10.4,63,57,58,323,6.3,3,
2024/06/01,1800 UTC,0,952.4,952.9,952.4,1807.3,20.4,11.4,20.7,19.7,11.9,10.6,59,54,56,6,6.3,2.9,
2024/06/01,1900 UTC,0,952.4,952.4,952.3,944.8,19.9,11.4,20.6,19.7,11.7,10.5,59,54,58,360,4.8,2.4,
2024/06/01,2000 UTC,0,952.4,952.4,952.4,423.8,18.2,12.1,19.9,18.2,12.1,11.4,68,58,68,360,3.8,1.1,
2024/06/01,2100 UTC,0,952.9,953,952.4,42.5,15,12.3,18.4,15,12.7,11.6,84,65,84,348,1.8,0,
2024/06/01,2200 UTC,0,953.2,953.2,952.8,,13.2,12,15,13,12.7,11.6,93,84,93,200,0,0,
2024/06/01,2300 UTC,0,953.5,953.5,953.2,,11.8,11,13.2,11.8,12.2,11,95,92,95,258,0,0,
2024/06/02,0000 UTC,0,953.8,953.8,953.5,,11.1,10.5,11.9,11.1,11.2,10.5,96,95,96,177,0,0,
2024/06/02,0100 UTC,0,954,954,953.7,,10.4,9.8,11.8,10.4,11.3,9.8,97,96,96,125,0,0,
2024/06/02,0200 UTC,0,953.9,954,953.8,,10.2,9.7,10.4,10.1,9.8,9.6,97,96,97,204,0,0,
2024/06/02,0300 UTC,0,953.9,954,953.8,,10.9,10.4,10.9,10.1,10.5,9.6,97,97,97,143,0,0,
2024/06/02,0400 UTC,0,953.7,953.9,953.7,,11.2,10.7,11.2,10.8,10.7,10.4,97,97,97,208,0,0,
2024/06/02,0500 UTC,0,953.4,953.7,953.4,,11.4,10.9,11.4,11.2,10.9,10.7,97,97,97,186,0,0,
2024/06/02,0600 UTC,0,953.1,953.4,953.1,,11.7,11.1,11.7,11.4,11.1,10.9,97,96,96,260,0,0,
2024/06/02,0700 UTC,0,953,953.2,953,,11.8,11,11.9,11.7,11.1,11,96,95,95,111,0,0,
2024/06/02,0800 UTC,0,953,953.1,953,,11.8,11.2,11.8,11.6,11.2,10.9,96,95,96,280,0,0,
2024/06/02,0900 UTC,0,953.2,953.2,953,,12.2,11.6,12.2,11.8,11.6,11.2,96,96,96,5,0,0,
2024/06/02,1000 UTC,0,953.7,953.8,953.2,,12.4,11.7,12.4,12.2,11.7,11.6,96,95,96,278,0,0,
2024/06/02,1100 UTC,0,954.3,954.3,953.7,45.3,12.8,12.1,12.8,12.4,12.1,11.7,96,95,95,244,0,0,
2024/06/02,1200 UTC,0,954.6,954.7,954.3,180.8,13.7,12.6,13.7,12.8,12.6,12.1,95,93,93,13,1.7,0,
2024/06/02,1300 UTC,0,954.6,954.7,954.6,316,14.1,12.6,14.1,13.6,12.7,12.3,93,90,90,131,1.9,.2,
2024/06/02,1400 UTC,0,954.3,954.7,954.2,462.2,14.5,12.7,14.5,14.1,12.9,12.4,90,88,89,284,2.8,.5,
2024/06/02,1500 UTC,0,953.6,954.3,953.6,606.6,15.4,12.9,15.4,14.4,13.1,12.4,89,85,85,355,2.4,.9,
2024/06/02,1600 UTC,0,952.7,953.6,952.7,1541,17.5,13.2,18,15.3,14,12.7,85,74,76,66,4.1,1.2,
2024/06/02,1700 UTC,0,951.6,952.7,951.6,2078.1,19.4,14,19.5,17.3,14.4,13,78,71,71,357,4.5,2.1,
2024/06/02,1800 UTC,0,950.8,951.6,950.8,1806,20.5,14.2,20.6,19.2,14.9,13.9,72,66,67,352,5.6,3.3,
2024/06/02,1900 UTC,0,950.5,950.8,950.5,1234.1,21.1,14.3,21.4,20.5,14.7,14,67,63,65,355,5.5,2.8,
2024/06/02,2000 UTC,0,950.7,950.7,950.4,549.1,19.7,14.4,21.3,19.7,14.7,14.2,72,65,72,356,4.8,2.2,
2024/06/02,2100 UTC,0,951,951,950.7,31.1,17.8,14.4,19.7,16.9,14.5,13.8,83,72,80,284,3.2,1.2,
2024/06/02,2200 UTC,0,951.5,951.5,951,,14.8,13.5,17.8,14.8,14.3,13.4,92,80,92,251,2.4,0,
2024/06/02,2300 UTC,0,951.9,952,951.5,,13.8,12.9,14.8,13.6,13.8,12.7,95,92,95,149,0,0,
2024/06/03,0000 UTC,0,952.1,952.1,951.9,,12.8,12.1,13.8,12.8,13,12.1,96,95,96,351,0,0,
2024/06/03,0100 UTC,0,952.4,952.5,952.1,,12.6,12.1,12.8,12.4,12.2,11.8,97,96,97,293,0,0,
2024/06/03,0200 UTC,0,952.8,952.8,952.4,,12.4,11.8,12.9,12.3,12.3,11.8,97,97,97,311,1.5,0,
2024/06/03,0300 UTC,0,952.9,952.9,952.7,,12.4,11.9,12.5,12.3,12,11.7,97,97,97,17,1.9,.4,
2024/06/03,0400 UTC,0,953.2,953.2,952.9,,12.6,12.1,12.6,12.4,12.1,11.9,97,97,97,325,1.3,0,
2024/06/03,0500 UTC,0,953.1,953.2,953,,12.8,12.3,12.8,12.5,12.3,12,97,97,97,17,1.4,.3,
2024/06/03,0600 UTC,0,952.5,953.1,952.5,,12.4,12,12.8,12.3,12.3,11.8,97,97,97,14,1.9,1,
2024/06/03,0700 UTC,0,952.3,952.6,952.3,,12,11.6,12.4,11.8,11.9,11.3,97,97,97,352,3.4,.9,
2024/06/03,0800 UTC,0,952,952.3,952,,11.8,11.3,12,11.3,11.6,10.8,97,97,97,3,2.5,1.5,
2024/06/03,0900 UTC,.2,951.9,952,951.9,,11.6,11.2,11.9,11.4,11.5,11,97,97,97,12,3.4,2,
2024/06/03,1000 UTC,0,951.8,952,951.8,,11,10.5,11.6,11,11.1,10.5,97,97,97,9,3.7,1.6,
2024/06/03,1100 UTC,0,952.5,952.5,951.8,150.2,12.2,11.7,12.3,10.6,11.8,10.1,97,97,97,29,2.5,.5,
2024/06/03,1200 UTC,0,952.9,952.9,952.4,728.5,14.5,12.7,14.6,12.2,12.9,11.7,97,89,89,102,1.9,.3,
2024/06/03,1300 UTC,0,953.2,953.3,952.9,1175,16.9,14.3,16.9,14.5,14.4,12.6,89,84,85,144,1.8,.1,
2024/06/03,1400 UTC,0,952.8,953.2,952.8,1491.7,21,14.6,21.1,16.8,15.4,14,85,67,67,38,4,2.2,
2024/06/03,1500 UTC,0,952.1,952.8,952.1,1577.4,22,15.5,22.3,20.9,15.5,14.5,68,62,67,33,4.4,2.1,
2024/06/03,1600 UTC,0,951.6,952.1,951.6,543.1,18.7,15.1,22,18,15.8,14.7,83,65,80,162,3.4,1.5,
2024/06/03,1700 UTC,0,950.9,951.6,950.9,1033.8,21.2,16.6,21.2,18.5,16.6,14.9,81,74,75,160,2.7,1.1,
2024/06/03,1800 UTC,0,951.3,951.4,950.7,824.6,19,15.7,21.3,19,16.5,15.3,81,70,81,192,5.6,2.7,
2024/06/03,1900 UTC,.8,950.9,951.3,950.8,562.2,20,17,20.1,17.9,17.6,15.6,91,79,83,181,6.5,.8,
2024/06/03,2000 UTC,0,951.2,951.2,950.9,541.6,18.8,16.5,20.5,18.8,17.6,16.5,87,81,87,212,2,.8,
2024/06/03,2100 UTC,0,951.6,951.7,951.2,43.7,16.9,15.8,18.9,16.9,16.7,15.8,93,87,93,107,1.8,.5,
2024/06/03,2200 UTC,0,952.2,952.3,951.6,,15.8,15,16.9,15.8,15.8,15,96,93,95,163,1.8,0,
2024/06/03,2300 UTC,0,952.3,952.3,952,,14.8,14.2,15.8,14.8,15,14.2,96,95,96,167,1.6,.2,
2024/06/04,0000 UTC,0,952.8,952.8,952.3,,14.3,13.8,14.8,14.3,14.2,13.8,97,96,97,125,.9,0,
2024/06/04,0100 UTC,0,953.3,953.3,952.8,,14.4,13.9,14.5,14.2,14,13.7,97,97,97,178,1.4,0,
2024/06/04,0200 UTC,0,953.6,953.6,953.3,,14.6,14.2,14.6,14.3,14.2,13.9,97,97,97,357,1.4,.4,
2024/06/04,0300 UTC,0,953.7,953.7,953.5,,14.7,14.2,14.7,14.6,14.2,14.1,97,97,97,194,1.1,0,
2024/06/04,0400 UTC,0,953.8,953.8,953.5,.1,14.9,14.4,14.9,14.7,14.4,14.2,97,97,97,79,1.2,0,
2024/06/04,0500 UTC,.2,953.7,953.8,953.5,1.2,13.5,13.1,14.9,13.5,14.4,13.1,97,97,97,209,3.4,1.8,
2024/06/04,0600 UTC,1,953.8,953.8,953.7,.8,12.5,12.1,13.5,12.5,13.1,12.1,97,97,97,204,3.9,1.9,
2024/06/04,0700 UTC,0,953.8,953.9,953.8,,11.9,11.5,12.5,11.9,12.1,11.5,97,97,97,188,3.9,1,
2024/06/04,0800 UTC,.4,953.9,953.9,953.8,,11.6,11.2,12,11.6,11.6,11.2,97,97,97,186,3.2,1.2,
2024/06/04,0900 UTC,.4,954.5,954.5,953.9,,11.3,10.8,11.6,11.3,11.2,10.8,97,97,97,218,2.4,1.4,
2024/06/04,1000 UTC,.4,955.3,955.3,954.5,,11.1,10.6,11.3,11,10.8,10.6,97,97,97,215,2.2,.3,
2024/06/04,1100 UTC,.2,956.3,956.3,955.3,23.6,11.1,10.7,11.1,11,10.7,10.6,97,97,97,209,2,.5,
2024/06/04,1200 UTC,.4,957.1,957.1,956.2,123,11.5,11,11.5,11.1,11,10.6,97,97,97,201,2,.3,
2024/06/04,1300 UTC,0,957.6,957.6,957.1,288,12.3,11,12.3,11.4,11.6,10.9,97,92,92,10,3.1,2,
2024/06/04,1400 UTC,0,957.6,957.7,957.5,401.1,12.2,10.8,12.3,12.1,11.1,10.6,93,91,91,25,3.3,1.5,
2024/06/04,1500 UTC,0,957.4,957.7,957.4,447.5,12.1,10.4,12.2,12,10.8,10.2,91,89,90,38,3.4,1.9,
2024/06/04,1600 UTC,0,956.4,957.4,956.4,576,12.5,10.3,12.5,12.1,10.7,10.1,90,85,86,14,3.1,1.3,
2024/06/04,1700 UTC,0,955.8,956.4,955.8,565.4,12.6,10.5,12.8,12.5,10.8,10.2,88,85,87,24,2.8,.9,
2024/06/04,1800 UTC,0,955.4,955.8,955.4,447.2,12.5,10.9,12.9,12.4,10.9,10.4,90,86,90,341,2.4,1.2,
2024/06/04,1900 UTC,0,955.2,955.5,955.2,397.6,12.7,10.7,12.8,12.5,11.2,10.6,91,88,88,356,2.7,.9,
2024/06/04,2000 UTC,0,955.4,955.4,955.2,108.8,11.9,11.1,12.7,11.9,11.2,10.7,95,88,95,181,2.1,1,
2024/06/04,2100 UTC,.2,955.4,955.4,955.3,9.7,11.6,10.9,11.9,11.6,11.1,10.9,96,95,96,210,1.9,1.1,
2024/06/04,2200 UTC,0,955.7,955.7,955.3,,11.6,11.1,11.7,11.5,11.1,11,97,96,97,193,1.8,.5,
2024/06/04,2300 UTC,0,956.1,956.1,955.6,,11.5,11,11.6,11.5,11.1,11,97,97,97,212,2.2,1.1,
2024/06/05,0000 UTC,.2,956.2,956.3,956.1,,11.5,11.1,11.6,11.5,11.1,11,97,97,97,211,1.8,.5,
2024/06/05,0100 UTC,.4,956.5,956.5,956.2,,11.6,11.1,11.6,11.5,11.1,11,97,97,97,190,1.7,.4,
2024/06/05,0200 UTC,0,956.5,956.6,956.4,,11.6,11.1,11.6,11.5,11.1,11,97,97,97,209,1.6,.6,
2024/06/05,0300 UTC,0,956.2,956.5,956.2,,11.6,11.1,11.6,11.5,11.1,11,97,97,97,191,1.3,.1,
2024/06/05,0400 UTC,.2,955.7,956.2,955.7,,11.5,11,11.6,11.5,11.1,11,97,97,97,206,1.2,0,
2024/06/05,0500 UTC,0,955.3,955.7,955.2,,11.5,11,11.6,11.5,11.1,11,97,97,97,175,1,.5,
2024/06/05,0600 UTC,0,954.9,955.3,954.9,,11.6,11.1,11.6,11.5,11.1,11,97,97,97,154,1.3,.6,
2024/06/05,0700 UTC,0,954.5,954.9,954.5,,11.6,11.1,11.6,11.6,11.1,11.1,97,97,97,187,1.3,0,
2024/06/05,0800 UTC,0,954.2,954.5,954.1,,11.6,11.1,11.7,11.6,11.1,11,97,97,97,176,1.4,.2,
2024/06/05,0900 UTC,0,954.3,954.3,954.2,,11.7,11.1,11.7,11.6,11.1,11.1,97,96,96,182,1.6,.3,
2024/06/05,1000 UTC,0,954.8,954.8,954.3,.6,11.8,11.2,11.8,11.7,11.2,11.1,96,96,96,183,2,.5,
2024/06/05,1100 UTC,0,955.2,955.2,954.8,71.6,12.1,11.4,12.1,11.8,11.4,11.2,96,95,95,250,2,.3,
2024/06/05,1200 UTC,0,955.3,955.3,955.1,213.4,12.6,11.5,12.6,12.1,11.5,11.3,95,93,93,110,1.2,0,
2024/06/05,1300 UTC,0,955.4,955.6,955.3,290.9,12.7,11.7,12.8,12.6,11.8,11.4,94,93,94,19,1.4,.2,
2024/06/05,1400 UTC,0,955.1,955.4,955.1,440.7,13.5,12.4,13.5,12.7,12.4,11.8,94,93,93,207,1.8,.5,
2024/06/05,1500 UTC,0,954.5,955.1,954.3,528.9,14,12.6,14.2,13.4,12.8,12.3,93,91,91,212,2,.9,
2024/06/05,1600 UTC,0,953.4,954.5,953.4,579.5,14.5,13,14.7,14,13.3,12.5,92,90,91,166,2.1,1.3,
2024/06/05,1700 UTC,0,952.3,953.4,952.3,671.6,15.7,13.7,15.8,14.4,13.9,12.9,91,87,88,151,2.3,.4,
2024/06/05,1800 UTC,0,951.8,952.3,951.7,541.7,15.5,13.7,15.9,15.4,14,13.4,90,86,89,171,2.4,1.6,
2024/06/05,1900 UTC,0,951.5,951.8,951.4,441.2,15.7,14,15.8,15.4,14.1,13.7,90,89,90,168,3.1,1.4,
2024/06/05,2000 UTC,0,951.7,951.7,951.5,172.4,15.4,13.9,15.8,15.4,14.1,13.7,91,89,91,167,2.6,1,
2024/06/05,2100 UTC,0,951.8,951.8,951.6,23.2,15.1,14,15.4,15.1,14,13.8,93,91,93,176,2.1,.3,
2024/06/05,2200 UTC,0,952.2,952.2,951.7,,14.8,14,15.1,14.8,14,13.9,94,93,94,196,1.2,.3,
2024/06/05,2300 UTC,0,952.6,952.6,952.2,,14.6,13.8,14.9,14.6,14,13.8,95,94,95,159,1.2,.1,
2024/06/06,0000 UTC,0,952.9,952.9,952.5,,14.4,13.8,14.7,14.4,13.9,13.7,96,95,96,163,1.4,.7,
2024/06/06,0100 UTC,0,953,953.1,952.8,,14.4,13.9,14.5,14.4,14,13.7,97,96,97,148,1.1,.1,
2024/06/06,0200 UTC,0,952.7,953,952.7,,14.5,14,14.5,14.3,14,13.9,97,97,97,298,.9,0,
2024/06/06,0300 UTC,0,952.8,952.9,952.7,,14.6,14.2,14.7,14.5,14.2,14,97,97,97,173,0,0,
2024/06/06,0400 UTC,0,953.1,953.2,952.7,,14.6,14.2,14.7,14.6,14.2,14.2,97,97,97,225,1,.1,
2024/06/06,0500 UTC,0,952.8,953.1,952.8,,14.4,14,14.6,14.4,14.2,14,97,97,97,181,1.2,.4,
2024/06/06,0600 UTC,0,952.6,952.9,952.6,,14.3,13.9,14.4,14.3,14,13.8,97,97,97,163,1.5,0,
2024/06/06,0700 UTC,0,952.3,952.6,952.3,,14.4,13.9,14.4,14.3,13.9,13.8,97,97,97,74,.9,.1,
2024/06/06,0800 UTC,0,952,952.3,951.9,.1,14.4,13.9,14.4,14.3,13.9,13.8,97,97,97,335,1.4,.2,
2024/06/06,0900 UTC,0,952.4,952.4,951.9,.1,14.2,13.7,14.4,14.1,13.9,13.7,97,97,97,77,1.4,0,
2024/06/06,1000 UTC,0,952.7,952.7,952.4,.1,14.1,13.6,14.2,14,13.7,13.6,97,97,97,149,1.8,0,
2024/06/06,1100 UTC,.2,953.1,953.1,952.7,39.8,14,13.5,14.1,13.9,13.6,13.4,97,97,97,23,1.8,1,
2024/06/06,1200 UTC,0,953.7,953.7,953.1,171.5,14,13.5,14.2,13.9,13.7,13.4,97,97,97,87,1.8,0,
2024/06/06,1300 UTC,0,954.1,954.1,953.7,356.4,14.3,13.9,14.4,14,13.9,13.6,97,97,97,311,1.8,1,
2024/06/06,1400 UTC,0,954,954.2,954,604.7,15,14.2,15,14.3,14.4,13.9,97,95,95,217,1.9,.6,
2024/06/06,1500 UTC,0,953.9,954.1,953.8,1137.1,16.4,14.3,16.4,15,14.5,13.9,95,88,88,47,1.7,.3,
2024/06/06,1600 UTC,0,952.7,953.9,952.7,2146.2,19.1,15.3,19.2,16.4,16.3,14.3,88,79,79,359,2.6,1.3,
2024/06/06,1700 UTC,0,951.8,952.7,951.8,2029.6,21.4,15.9,21.6,19.1,16.5,14.5,81,68,71,15,3.4,1.4,
2024/06/06,1800 UTC,0,951.4,951.8,951.4,1568,22.1,16.4,22.1,21.4,16.7,15.4,72,67,70,357,3,1.4,
2024/06/06,1900 UTC,0,951.4,951.5,951.3,656.9,23.1,17.2,23.3,21.1,17.4,15.8,78,67,70,289,2.7,.3,
2024/06/06,2000 UTC,0,951.4,951.5,951.3,445.9,21.3,17.2,23.2,21.3,17.9,16.8,77,69,77,315,1.3,0,
2024/06/06,2100 UTC,0,951.7,951.7,951.3,31,18,17,21.3,18,17.4,16.7,94,77,94,102,1.1,.2,
2024/06/06,2200 UTC,0,952.1,952.1,951.7,,16.2,15.5,18,16.2,16.9,15.4,95,93,95,325,.8,0,
2024/06/06,2300 UTC,0,952.2,952.2,952.1,,15.3,14.8,16.2,15.3,15.6,14.8,97,95,97,284,0,0,
2024/06/07,0000 UTC,0,952.4,952.4,952.2,,15.5,15,15.9,15.1,15.4,14.6,97,96,97,282,1.1,.1,
2024/06/07,0100 UTC,0,952.9,952.9,952.4,,14.6,14.1,15.5,14.6,15,14.1,97,97,97,286,1.1,0,
2024/06/07,0200 UTC,0,953.1,953.1,952.9,,14.4,14,14.6,14.3,14.1,13.9,97,97,97,62,0,0,
2024/06/07,0300 UTC,0,953.2,953.3,953.1,,14.4,13.9,14.6,14.4,14.1,13.9,97,97,97,71,.7,0,
2024/06/07,0400 UTC,0,953.1,953.2,953,.3,13.6,13.1,14.4,13.6,13.9,13.1,97,97,97,264,1.8,1.2,
2024/06/07,0500 UTC,0,953.1,953.2,952.9,.3,13.2,12.8,13.6,13.2,13.1,12.8,97,97,97,256,1.5,.3,
2024/06/07,0600 UTC,0,952.8,953.1,952.7,.1,12.2,11.8,13.2,12.2,12.7,11.8,97,97,97,265,1.5,0,
2024/06/07,0700 UTC,0,952.7,952.8,952.7,,11.5,11.1,12.2,11.5,11.8,11.1,97,97,97,281,1.4,.5,
2024/06/07,0800 UTC,0,952.8,952.9,952.7,,11.2,10.8,11.6,11.2,11.2,10.8,97,97,97,244,1.8,0,
2024/06/07,0900 UTC,.2,953.2,953.2,952.8,,10.7,10.3,11.2,10.7,10.8,10.3,97,97,97,328,0,0,
2024/06/07,1000 UTC,0,954,954,953.2,,10.5,10.1,10.7,10.5,10.3,10.1,97,97,97,314,0,0,
2024/06/07,1100 UTC,0,954.7,954.8,954,74.8,11,10.6,11,10.4,10.6,10,97,97,97,237,0,0,
2024/06/07,1200 UTC,0,955.3,955.3,954.7,372.3,11.8,11.4,11.9,10.8,11.5,10.4,97,97,97,12,0,0,
2024/06/07,1300 UTC,0,955.4,955.5,955.3,817.9,13.3,12.9,13.6,11.7,13.1,11.3,97,97,97,355,2,.4,
2024/06/07,1400 UTC,0,954.8,955.4,954.8,1592.5,16.9,16.4,16.9,13.3,16.4,13,97,97,97,17,2.7,1.2,
2024/06/07,1500 UTC,0,954,954.8,954,2170.3,19.7,15.4,19.9,16.8,17.2,15.1,97,75,77,40,2.8,1.7,
2024/06/07,1600 UTC,0,953.2,954,953.2,2243.3,23,15.3,23.1,19.7,16.6,15.3,78,62,62,7,2.8,.8,
2024/06/07,1700 UTC,.2,952.2,953.2,952.2,2124.7,23.8,15,24,22.9,15.9,14.2,62,57,58,13,4.6,1.7,
2024/06/07,1800 UTC,0,951.9,952.2,951.9,1764.2,24.8,16.6,24.8,23.9,16.6,13.9,60,52,60,53,4.6,1.6,
2024/06/07,1900 UTC,0,951.7,951.9,951.7,1177.9,24,17.4,25.2,23.2,17.7,14.1,67,52,67,205,3.8,.7,
2024/06/07,2000 UTC,0,951.9,952,951.7,510.2,20.4,17,24.1,20.4,17.3,16.4,81,65,81,171,2.5,.8,
2024/06/07,2100 UTC,0,952.4,952.4,951.9,29.8,18.1,16.5,20.4,18.1,17.2,16.5,90,81,90,184,1.6,0,
2024/06/07,2200 UTC,0,952.8,952.8,952.4,,17,15.8,18.2,17,16.6,15.7,93,89,93,224,.9,.1,
2024/06/07,2300 UTC,0,953.3,953.3,952.8,,16.1,15.3,17,16.1,15.8,15.3,95,93,95,134,.9,0,
2024/06/08,0000 UTC,0,953.5,953.6,953.3,,15.8,15.2,16.3,15.6,15.6,14.9,96,95,96,248,0,0,
2024/06/08,0100 UTC,0,953.8,953.8,953.5,,14.8,14.2,15.7,14.8,15,14.2,97,96,97,281,0,0,
2024/06/08,0200 UTC,0,953.9,953.9,953.8,,13.9,13.5,14.9,13.9,14.4,13.5,97,97,97,134,1,0,
2024/06/08,0300 UTC,0,954,954.1,953.9,,13.8,13.3,14.1,13.8,13.6,13.3,97,97,97,131,.4,0,
2024/06/08,0400 UTC,0,953.9,954.1,953.9,,13.5,13.1,13.9,13.5,13.5,13.1,97,97,97,297,.4,0,
2024/06/08,0500 UTC,0,953.4,953.9,953.4,,13.4,12.9,13.8,13.4,13.3,12.9,97,97,97,194,0,0,
2024/06/08,0600 UTC,0,953,953.4,952.9,,13.1,12.7,13.4,13.1,12.9,12.6,97,97,97,152,0,0,
2024/06/08,0700 UTC,0,953.1,953.1,952.9,,13.1,12.6,13.2,13,12.8,12.5,97,97,97,238,0,0,
2024/06/08,0800 UTC,0,953,953.1,952.9,,12.8,12.3,13.1,12.8,12.6,12.3,97,97,97,289,1.5,.5,
2024/06/08,0900 UTC,0,953.4,953.4,953,,12.6,12.2,12.8,12.6,12.3,12.2,97,97,97,269,1.5,0,
2024/06/08,1000 UTC,0,954.2,954.3,953.4,,12.4,12,12.6,12.4,12.2,11.9,97,97,97,236,0,0,
2024/06/08,1100 UTC,0,955,955,954.2,77.8,12.3,11.9,12.5,12.2,12.1,11.8,97,97,97,252,.4,0,
2024/06/08,1200 UTC,0,955.3,955.3,955,442.9,13.3,12.8,13.4,12.3,12.9,11.9,97,97,97,342,.9,0,
2024/06/08,1300 UTC,0,955.2,955.3,955,1019.9,15.4,14.9,15.4,13.1,14.9,12.7,97,97,97,11,1.8,1.1,
2024/06/08,1400 UTC,0,954.6,955.2,954.6,1772,18.3,15.5,18.5,15.4,17.2,15,97,84,84,24,2.8,1.8,
2024/06/08,1500 UTC,0,953.6,954.6,953.6,2064.7,20.5,15.9,20.8,18.3,16.5,15.3,85,73,75,11,3.9,2.8,
2024/06/08,1600 UTC,0,952.4,953.6,952.4,2184.8,22.5,16.4,22.5,20.5,16.7,15.4,75,68,68,8,4.6,3.1,
2024/06/08,1700 UTC,0,951.4,952.4,951.4,1994.8,23.4,15.8,23.6,22.4,16.9,15.5,70,61,62,16,5.8,4,
2024/06/08,1800 UTC,0,950.9,951.4,950.9,1644,23.8,13.6,24.1,23.4,16,13.5,62,52,53,5,6.9,4,
2024/06/08,1900 UTC,0,950.8,950.9,950.7,1035.4,23.1,14.3,23.8,23.1,14.3,13.4,58,53,58,3,6.1,2.9,
2024/06/08,2000 UTC,0,951,951,950.8,417.4,21,15.3,23.1,21,15.6,14.3,70,58,70,204,4.9,.1,
2024/06/08,2100 UTC,0,951.3,951.3,951,44.6,18.1,15.9,21,18.1,16.7,15.1,88,70,87,182,2.2,.1,
2024/06/08,2200 UTC,0,951.4,951.5,951.3,,16.3,15.2,18.1,16.3,16.4,15.2,94,87,94,39,1,0,
2024/06/08,2300 UTC,0,951.7,951.7,951.4,,15.6,14.9,16.3,15.5,15.3,14.7,96,94,96,207,.4,0,
2024/06/09,0000 UTC,0,952,952,951.7,,14.6,14,15.5,14.6,14.8,14,96,96,96,143,1.5,0,
2024/06/09,0100 UTC,0,952.2,952.2,952,,14.5,13.9,15.1,14,14.5,13.4,97,96,97,262,1.6,.6,
2024/06/09,0200 UTC,0,952.1,952.3,952,,13.3,12.8,14.5,13.3,14,12.8,97,96,97,285,1.6,.1,
2024/06/09,0300 UTC,0,951.6,952.1,951.6,,12.9,12.4,13.7,12.7,13.2,12.2,97,97,97,288,.9,0,
2024/06/09,0400 UTC,0,951.2,951.6,951.2,,12.5,12.1,13,12.5,12.5,12.1,97,97,97,56,.7,0,
2024/06/09,0500 UTC,.2,951,951.2,951,,12.6,12.2,12.7,12.4,12.2,12,97,97,97,326,1.1,0,
2024/06/09,0600 UTC,0,950.6,951,950.6,,13.3,12.9,13.3,12.6,12.9,12.2,97,97,97,1,.8,0,
2024/06/09,0700 UTC,0,950.4,950.6,950.4,,13.6,13.1,13.6,13.3,13.1,12.9,97,97,97,302,.6,0,
2024/06/09,0800 UTC,0,950.2,950.5,950.2,.2,13.6,13.1,13.8,13.5,13.3,13.1,97,97,97,261,0,0,
2024/06/09,0900 UTC,0,950.2,950.2,950.1,,13.4,13,13.7,13.3,13.2,12.9,97,97,97,265,1.4,.4,
2024/06/09,1000 UTC,0,950.7,950.7,950.2,,13.8,13.3,13.8,13.4,13.3,12.9,97,97,97,67,1.4,.1,
2024/06/09,1100 UTC,0,951.4,951.4,950.7,55.5,14.2,13.7,14.3,13.7,13.8,13.3,97,97,97,28,.9,.1,
2024/06/09,1200 UTC,0,951.6,951.6,951.4,321.5,14.4,14,14.5,14.2,14,13.7,97,97,97,6,2,.7,
2024/06/09,1300 UTC,0,951.5,951.7,951.5,533.7,15,14.6,15,14.2,14.6,13.8,97,97,97,77,2.2,.3,
2024/06/09,1400 UTC,0,951.1,951.5,951.1,1018.7,16.6,14.8,16.6,15,15.3,14.5,97,89,89,135,1.9,.4,
2024/06/09,1500 UTC,0,949.9,951.1,949.9,2085.9,19.4,15.1,19.4,16.6,15.4,14.3,90,76,76,309,2.4,.5,
2024/06/09,1600 UTC,0,948.5,949.9,948.5,2265.6,21.9,16,22,19.3,16.5,15,77,66,69,357,3.4,1.8,
2024/06/09,1700 UTC,0,947,948.5,947,2102.3,24.1,16.4,24.1,22,16.7,15.5,69,62,62,356,4.4,2.3,
2024/06/09,1800 UTC,0,946.1,947,946.1,1748.2,25.3,14.8,26.2,24,16.5,14.3,63,50,52,334,4.8,2.8,
2024/06/09,1900 UTC,0,945.8,946.2,945.8,1152.1,24.9,14.7,25.4,24.8,15.1,14.3,55,51,53,335,5.5,2.6,
2024/06/09,2000 UTC,0,945.5,945.8,945.4,499.4,23.5,14.9,24.9,23.5,15.2,14.4,58,53,58,326,6.1,3,
2024/06/09,2100 UTC,0,945.4,945.6,945.4,46.1,19.8,15.2,23.5,19.8,15.3,14.6,75,58,75,3,5.5,.2,
2024/06/09,2200 UTC,0,946.2,946.2,945.4,,16.8,15.1,19.8,16.8,15.7,15,90,75,90,177,1.5,.4,
2024/06/09,2300 UTC,0,947,947,946.2,,16,15,17.1,15.9,15.9,14.8,94,90,94,171,2.5,.4,
2024/06/10,0000 UTC,0,947.9,947.9,947,,15.5,14.8,16,15.2,15,14.5,96,94,96,308,1.7,.4,
2024/06/10,0100 UTC,0,947.6,947.9,947.6,,14.8,14.1,15.6,14.8,15,14.1,96,95,96,325,1.9,.5,
2024/06/10,0200 UTC,0,947.7,947.8,947.5,,13.9,13.2,15.4,13.9,14.7,13.2,96,95,96,21,2,1.1,
2024/06/10,0300 UTC,0,948.1,948.1,947.7,,13.3,12.8,14.1,13.3,13.6,12.8,97,96,97,147,1.6,.5,
2024/06/10,0400 UTC,0,948.3,948.3,948.1,,13.3,12.8,13.6,13.2,13.2,12.7,97,97,97,339,1.3,.2,
2024/06/10,0500 UTC,0,948.2,948.5,948.2,,13.4,12.9,13.6,13.3,13.2,12.8,97,97,97,37,2,0,
2024/06/10,0600 UTC,0,947.9,948.2,947.8,,12.9,12.5,13.4,12.9,12.9,12.5,97,97,97,40,1.3,.1,
2024/06/10,0700 UTC,0,946.8,948,946.8,,13.1,12.7,13.3,12.8,12.9,12.4,97,97,97,334,4.7,.8,
2024/06/10,0800 UTC,.2,947.6,947.7,946.8,,12.8,12.4,13.5,12.7,13.1,12.3,97,97,97,60,3.7,.6,
2024/06/10,0900 UTC,0,948.2,948.2,947.6,,12.6,12.1,13.2,12.6,12.8,12.1,97,97,97,1,2.9,.4,
2024/06/10,1000 UTC,0,948.7,948.7,948.2,,12.1,11.7,12.7,12.1,12.3,11.7,97,97,97,38,1.9,0,
2024/06/10,1100 UTC,0,949.2,949.2,948.7,102.8,12.5,12.1,12.6,11.9,12.1,11.5,97,97,97,23,1.9,.5,
2024/06/10,1200 UTC,0,949.6,949.6,949.2,640,15.1,14.6,15.2,12.5,14.6,12.1,97,97,97,101,1.9,.2,
2024/06/10,1300 UTC,0,949.4,949.6,949.4,1365.9,20,17.5,20,15.1,18.7,14.7,97,86,86,280,3.6,1.4,
2024/06/10,1400 UTC,0,949.1,949.5,949.1,1874,21.9,16.4,21.9,19.9,17.6,15.8,86,71,71,5,6.3,3.7,
2024/06/10,1500 UTC,0,948.5,949.2,948.5,2159.7,24.2,17,24.3,21.8,17.3,16.3,72,63,64,5,7.1,4,
2024/06/10,1600 UTC,0,947.8,948.5,947.8,2246.7,25.7,17.3,25.8,24.2,17.6,16.5,65,59,60,12,6.1,2.8,
2024/06/10,1700 UTC,.2,947.2,947.8,947.2,2005.3,26.6,17.6,26.6,25.6,17.7,16.8,62,56,58,354,4.1,2.5,
2024/06/10,1800 UTC,0,947,947.2,947,1747.9,28.3,16.9,29.1,26.6,18.1,15.8,59,46,50,194,3.5,.4,
2024/06/10,1900 UTC,0,947,947,946.9,1164.6,26.7,16.5,28.3,26.7,18.4,15.8,57,48,54,150,4.4,1.7,
2024/06/10,2000 UTC,0,947.5,947.5,947,380,24.3,17.9,26.9,24.3,19.1,16.7,67,54,67,194,3.3,.3,
2024/06/10,2100 UTC,0,948.2,948.2,947.6,30,21.1,18.8,24.3,21.1,19.1,18,87,67,87,143,1.6,0,
2024/06/10,2200 UTC,0,948.8,948.8,948.2,,19.6,18.3,21.1,19.6,19.1,18.3,93,87,92,228,.9,.1,
2024/06/10,2300 UTC,0,949.2,949.2,948.8,,18.3,17.4,19.7,18.3,18.5,17.2,95,91,95,304,.9,.1,
2024/06/11,0000 UTC,0,949.6,949.6,949.2,,17.7,17.1,18.4,17.3,17.5,16.4,96,94,96,248,1.3,0,
2024/06/11,0100 UTC,0,950.1,950.1,949.6,,16.2,15.7,17.7,16.2,17.1,15.7,96,96,96,131,0,0,
2024/06/11,0200 UTC,0,950.6,950.6,950.1,,16,15.4,16.7,15.9,16.1,15.4,97,96,97,181,0,0,
2024/06/11,0300 UTC,0,950.8,950.8,950.6,,15.6,15.2,16,15.5,15.5,15,97,97,97,107,.5,0,
2024/06/11,0400 UTC,0,950.8,950.8,950.7,,15.4,14.9,16.3,15.4,15.8,14.9,97,97,97,11,2.1,.2,
2024/06/11,0500 UTC,0,950.6,951,950.6,,15.4,14.9,15.6,15,15.1,14.5,97,97,97,220,2.2,.8,
2024/06/11,0600 UTC,0,950.5,950.6,950.4,,15.4,14.9,15.7,15.4,15.2,14.9,97,97,97,40,1.7,0,
2024/06/11,0700 UTC,0,950.4,950.5,950.3,,14.7,14.3,15.4,14.7,14.9,14.3,97,97,97,298,0,0,
2024/06/11,0800 UTC,0,950.5,950.5,950.3,,14.2,13.7,14.7,13.9,14.2,13.5,97,97,97,263,0,0,
2024/06/11,0900 UTC,0,951,951,950.4,,13.7,13.3,14.2,13.7,13.7,13.3,97,97,97,287,0,0,
2024/06/11,1000 UTC,0,951.8,951.8,951,,13.7,13.2,14,13.5,13.5,13,97,97,97,270,.8,0,
2024/06/11,1100 UTC,0,952.6,952.6,951.8,78.3,14.4,14,14.4,13.7,14,13.3,97,97,97,149,1,0,
2024/06/11,1200 UTC,0,953.4,953.5,952.6,389.9,15.3,14.8,15.3,14.4,14.8,14,97,97,97,229,0,0,
2024/06/11,1300 UTC,0,954,954,953.4,929.1,17.7,17.2,17.7,15.2,17.2,14.7,97,97,97,240,1.2,0,
2024/06/11,1400 UTC,0,953.7,954,953.7,944.4,19.9,17.9,19.9,17.7,18.3,17.3,97,88,88,359,1.3,.3,
2024/06/11,1500 UTC,0,952.9,953.7,952.9,1897.7,23.2,17.1,23.4,19.7,18.5,16.5,88,66,69,33,2.6,1.3,
2024/06/11,1600 UTC,0,951.7,952.9,951.7,2276.5,24.9,17.7,24.9,23.2,18.3,16.9,71,62,64,360,4.5,2.6,
2024/06/11,1700 UTC,0,951,951.7,951,2114.8,25.6,17.2,25.7,24.8,17.4,16.1,64,57,60,5,5.4,3.2,
2024/06/11,1800 UTC,0,950.7,951,950.7,1734.2,26.2,15.6,26.5,25.4,17.7,14.3,61,47,52,355,5.4,2.5,
2024/06/11,1900 UTC,0,950.6,950.7,950.6,808.7,25.3,15.8,26.5,25.3,16.2,15,56,51,56,350,4.2,1.6,
2024/06/11,2000 UTC,0,950.8,950.8,950.6,423.7,23.4,16.5,26,23.4,17.6,15.5,66,55,65,192,2.3,0,
2024/06/11,2100 UTC,0,951.2,951.2,950.8,27.9,20.1,17.3,23.4,20.1,17.8,16.3,85,66,84,346,1.5,.2,
2024/06/11,2200 UTC,0,951.4,951.4,951.2,,17.8,16.6,20.1,17.7,17.4,16.4,93,84,93,155,1.4,0,
2024/06/11,2300 UTC,0,951.7,951.7,951.4,,16.8,15.9,17.9,16.8,16.9,15.9,95,93,95,202,.6,0,
2024/06/12,0000 UTC,0,952,952,951.7,,15.8,15.2,16.9,15.8,16.1,15.1,96,95,96,355,.8,.2,
2024/06/12,0100 UTC,0,952.1,952.1,951.9,,15.1,14.5,16,15.1,15.5,14.5,96,96,96,121,1.3,0,
2024/06/12,0200 UTC,0,952.1,952.2,952.1,,14.6,14.1,15.3,14.6,14.8,14.1,97,96,97,98,1.4,0,
2024/06/12,0300 UTC,0,952.1,952.3,952.1,,14,13.5,14.6,13.9,14.1,13.5,97,97,97,104,1,.1,
2024/06/12,0400 UTC,0,952.1,952.2,952.1,,13.7,13.2,13.9,13.5,13.4,13,97,97,97,113,.9,0,
2024/06/12,0500 UTC,0,952.1,952.2,952.1,,14.4,13.9,14.4,13.6,13.9,13.2,97,97,97,327,0,0,
2024/06/12,0600 UTC,0,951.7,952.1,951.7,.2,14.7,14.2,14.7,14.3,14.2,13.8,97,97,97,153,0,0,
2024/06/12,0700 UTC,.2,951.5,951.7,951.5,,14.8,14.4,14.8,14.7,14.4,14.2,97,97,97,335,.7,0,
2024/06/12,0800 UTC,0,951.5,951.5,951.4,,14.8,14.3,15,14.8,14.5,14.3,97,97,97,129,1,0,
2024/06/12,0900 UTC,0,951.3,951.5,951.1,,15.1,14.6,15.1,14.7,14.6,14.3,97,97,97,309,1.4,.4,
2024/06/12,1000 UTC,0,951.2,951.3,951.1,,15.4,15,15.4,15.1,15,14.6,97,97,97,345,1.5,0,
2024/06/12,1100 UTC,0,952.3,952.3,951.2,56.3,15.7,15.2,15.7,15.3,15.2,14.9,97,97,97,205,1.5,0,
2024/06/12,1200 UTC,0,953,953,952.3,265.1,16.5,16,16.5,15.7,16,15.3,97,97,97,43,1.6,1,
2024/06/12,1300 UTC,0,953.2,953.4,953,494.7,17.2,15.8,17.2,16.5,16.5,15.6,97,91,91,17,2,1.4,
2024/06/12,1400 UTC,0,952.9,953.3,952.9,825.8,18.1,15.5,18.3,17.1,15.9,15.4,91,84,85,49,2.1,.3,
2024/06/12,1500 UTC,0,951.8,952.9,951.8,1876.7,20.5,16.1,20.7,18.1,16.6,15.5,85,75,76,1,3.7,2.2,
2024/06/12,1600 UTC,0,950.7,951.8,950.7,2251.1,22.2,16.6,22.3,20.4,17,16.1,79,71,71,358,5,3.6,
2024/06/12,1700 UTC,0,949.8,950.7,949.8,2123.3,24.1,16.2,24.2,22.2,17.2,16.1,72,61,61,354,6.4,2.8,
2024/06/12,1800 UTC,0,949.1,949.8,949.1,1743.3,24.6,15.4,24.7,23.8,16.7,15.3,63,56,57,17,5.4,2.6,
2024/06/12,1900 UTC,0,948.9,949.2,948.9,1204.7,24.4,15,24.9,24.4,15.7,14.7,57,54,56,360,4.8,2.5,
2024/06/12,2000 UTC,0,949.1,949.1,948.9,523,22.5,14.3,24.4,22.5,15.6,14.2,60,55,60,331,4.1,1.3,
2024/06/12,2100 UTC,0,949.3,949.3,949.1,29,18.7,14.8,22.5,18.7,15.6,13.9,78,59,78,7,1.9,0,
2024/06/12,2200 UTC,0,949.7,949.7,949.3,,16.5,14.8,18.7,16.5,15.2,14.7,90,78,90,139,0,0,
2024/06/12,2300 UTC,0,949.9,949.9,949.7,,15.4,14.2,16.5,15.4,15,14.2,93,90,92,320,1.5,.3,
2024/06/13,0000 UTC,0,950.1,950.1,949.9,,14.2,13.5,15.5,14.2,14.5,13.5,95,92,95,31,1.8,0,
2024/06/13,0100 UTC,0,950.3,950.3,950.1,,14,13.4,14.3,13.9,13.6,13.2,96,95,96,25,1.6,0,
2024/06/13,0200 UTC,0,950.3,950.4,950.3,,13.3,12.7,14,13.2,13.4,12.7,97,96,97,189,.7,0,
2024/06/13,0300 UTC,0,950,950.3,950,,13.4,12.9,13.8,13,13.3,12.5,97,97,97,295,3.9,1.1,
2024/06/13,0400 UTC,0,949.7,950.2,949.7,,12.2,11.7,13.4,12.1,12.9,11.6,97,96,97,255,3.3,.5,
2024/06/13,0500 UTC,0,949.4,949.7,949.4,,11.4,11,12.9,11.4,12.4,11,97,97,97,216,1.8,0,
2024/06/13,0600 UTC,0,949.3,949.5,949.3,,11.5,11.1,11.5,11.3,11.1,10.8,97,97,97,58,.9,0,
2024/06/13,0700 UTC,0,949.3,949.3,949.2,,11.8,11.3,11.8,11.3,11.3,10.9,97,97,97,342,0,0,
2024/06/13,0800 UTC,0,949.1,949.3,949,,12.3,11.8,12.3,11.8,11.9,11.4,97,97,97,280,1.6,.5,
2024/06/13,0900 UTC,.2,948.9,949.2,948.9,,12.8,12.4,12.8,12.2,12.4,11.8,97,97,97,1,1.9,.4,
2024/06/13,1000 UTC,0,949.5,949.5,948.9,,13.1,12.7,13.1,12.8,12.7,12.3,97,97,97,122,1.5,0,
2024/06/13,1100 UTC,0,950,950,949.5,44.2,13.5,13.1,13.5,13.1,13.1,12.7,97,97,97,224,0,0,
2024/06/13,1200 UTC,0,950.5,950.5,950,240.3,14.5,14,14.6,13.5,14.1,13.1,97,97,97,8,0,0,
2024/06/13,1300 UTC,0,950.5,950.6,950.4,623,16.1,15.6,16.1,14.4,15.6,14,97,97,97,360,1.6,.3,
2024/06/13,1400 UTC,0,950,950.5,950,1489.2,17.7,14,18.7,16.1,17.1,13.9,97,78,79,165,2.4,.9,
2024/06/13,1500 UTC,0,949.1,950,949.1,1955,20.1,14.7,20.2,17.3,15.1,13.8,82,70,71,1,3.4,1.4,
2024/06/13,1600 UTC,0,947.8,949.1,947.8,2262.3,21.9,15.5,21.9,19.9,15.7,14.4,73,67,67,356,4.4,2.5,
2024/06/13,1700 UTC,0,946.6,947.8,946.6,2126.5,22.6,15.2,22.9,21.5,16.1,14.9,69,63,63,6,4.4,2.1,
2024/06/13,1800 UTC,0,945.6,946.6,945.6,1741.2,25,15.8,25,22.5,16,14.8,65,55,56,341,3.6,.5,
2024/06/13,1900 UTC,0,945.3,945.6,945.2,1188.1,23.6,16.7,25.3,23.6,17.4,15,66,54,65,191,3,1,
2024/06/13,2000 UTC,0,945.5,945.5,945.2,503.6,21.1,16.9,24.5,21.1,17.9,16.3,77,62,77,185,2.1,.8,
2024/06/13,2100 UTC,0,945.6,945.6,945.5,35.3,18.4,16.5,21.1,18.4,16.8,16.3,89,77,89,161,1.6,.2,
2024/06/13,2200 UTC,0,945.9,945.9,945.6,,16.5,15.4,18.4,16.5,16.6,15.4,93,87,93,317,1,0,
2024/06/13,2300 UTC,0,946.1,946.1,945.9,,15.1,14.4,16.5,15.1,15.3,14.4,95,93,95,114,.9,0,
2024/06/14,0000 UTC,0,946.5,946.5,946,,14.5,13.9,15.2,14.4,14.6,13.8,96,96,96,177,.9,0,
2024/06/14,0100 UTC,0,946.6,946.6,946.5,,13.5,13,14.5,13.5,14,12.9,97,96,97,61,1,0,
2024/06/14,0200 UTC,0,946.4,946.7,946.4,,12.9,12.4,13.5,12.8,13,12.4,97,97,97,186,.7,0,
2024/06/14,0300 UTC,0,946,946.4,945.9,,12.3,11.9,12.9,11.9,12.4,11.5,97,97,97,166,1.8,1.2,
2024/06/14,0400 UTC,0,946,946.1,945.9,,12.1,11.7,12.3,11.9,11.9,11.5,97,97,97,172,1.8,.2,
2024/06/14,0500 UTC,0,946.4,946.5,946,,11.7,11.2,12.3,11.7,11.9,11.2,97,97,97,107,2.4,.5,
2024/06/14,0600 UTC,.2,946.9,947,946.4,,12.7,12.3,12.7,11.4,12.3,11,97,97,97,41,2.4,.3,
2024/06/14,0700 UTC,0,947,947.1,946.8,,13.3,12.9,13.3,12.7,12.9,12.3,97,97,97,144,1.8,.6,
2024/06/14,0800 UTC,0,947.3,947.3,946.9,,13.2,12.7,13.4,13.1,13,12.6,97,97,97,121,2.4,.8,
2024/06/14,0900 UTC,0,947.8,947.8,947.2,.2,13.4,13,13.4,13.1,13,12.7,97,97,97,166,2.6,.7,
2024/06/14,1000 UTC,0,948.6,948.6,947.8,1.2,13.1,12.7,13.4,13,13,12.5,97,97,97,147,2.6,.1,
2024/06/14,1100 UTC,0,949.4,949.4,948.5,44.1,13.2,12.8,13.2,13,12.8,12.5,97,97,97,218,1.7,.4,
2024/06/14,1200 UTC,0,950.1,950.1,949.4,262.5,13.2,12.8,13.3,13,12.9,12.5,97,97,97,235,1.9,.3,
2024/06/14,1300 UTC,0,950.4,950.4,950.1,616.6,13.8,13.3,13.9,13.2,13.5,12.7,97,97,97,97,1.8,.3,
2024/06/14,1400 UTC,0,949.8,950.4,949.8,1541.2,17.6,17.1,17.6,13.7,17.1,13.3,97,97,97,156,1.5,.3,
2024/06/14,1500 UTC,0,948.8,949.9,948.8,2131.8,20.5,14.4,20.5,17.6,17.8,13.5,97,66,68,157,2.5,.7,
2024/06/14,1600 UTC,0,947.5,948.8,947.5,2226.9,22.4,14.9,22.4,20.3,15.3,13.8,69,61,63,181,3,1.4,
2024/06/14,1700 UTC,0,946.6,947.5,946.6,2095.3,24.3,13.8,24.3,22.2,15.6,13.2,64,52,52,354,4.5,2.6,
2024/06/14,1800 UTC,0,946.4,946.6,946.3,1729.6,23.9,14.9,25.5,23.9,15.7,13.7,57,50,57,176,4.5,1.7,
2024/06/14,1900 UTC,0,946.1,946.5,946,1158.8,24.1,16,25.1,23.8,17.3,14.9,63,57,60,177,2.8,.7,
2024/06/14,2000 UTC,.2,946.3,946.3,946,509.5,21.3,16.2,24.2,21.3,17.5,15.9,73,60,73,200,2.1,.3,
2024/06/14,2100 UTC,0,946.9,946.9,946.3,30.2,18.8,16.1,21.3,18.8,16.5,16.1,85,73,84,239,2.2,.3,
2024/06/14,2200 UTC,0,947.5,947.6,946.8,,16.9,15.5,18.8,16.9,16.3,15.5,93,84,91,345,1.3,.2,
2024/06/14,2300 UTC,0,948,948,947.5,,16.2,15.4,16.9,16.2,15.8,15.3,95,91,95,181,.8,0,
2024/06/15,0000 UTC,0,948.4,948.4,948,,15.4,14.8,16.4,15,15.6,14.3,96,95,96,38,.8,0,
2024/06/15,0100 UTC,0,948.8,948.8,948.4,,14.2,13.6,15.4,14.2,14.8,13.6,97,96,97,98,1.1,0,
2024/06/15,0200 UTC,0,948.8,948.9,948.7,,14,13.6,14.5,13.9,14,13.3,97,97,97,47,1.9,.5,
2024/06/15,0300 UTC,0,949.1,949.1,948.5,,14.2,13.7,14.2,13.7,13.7,13.3,97,97,97,108,2.5,.1,
2024/06/15,0400 UTC,0,949.2,949.2,948.9,,14,13.6,14.3,14,13.8,13.6,97,97,97,297,1.8,.2,
2024/06/15,0500 UTC,0,948.9,949.3,948.9,,13.6,13.2,14.1,13.4,13.6,12.9,97,97,97,316,1.7,1.1,
2024/06/15,0600 UTC,0,948.3,948.9,948.3,,12.9,12.5,13.6,12.9,13.2,12.5,97,97,97,22,1.7,.6,
2024/06/15,0700 UTC,0,948.2,948.3,948,,12.8,12.3,13.3,12.6,12.8,12.2,97,97,97,73,2.2,1.1,
2024/06/15,0800 UTC,0,948.4,948.4,948.1,,12.8,12.3,12.8,12.5,12.4,12.1,97,97,97,135,2,0,
2024/06/15,0900 UTC,0,948.7,948.7,948.3,,12.8,12.4,12.9,12.4,12.5,12,97,97,97,169,1.4,.1,
2024/06/15,1000 UTC,0,949.1,949.1,948.7,,12.4,11.9,12.8,12.4,12.4,11.9,97,97,97,185,1.5,0,
2024/06/15,1100 UTC,.2,949.8,949.8,949.1,136.9,12.8,12.4,12.8,12.2,12.4,11.8,97,97,97,120,2,.5,
2024/06/15,1200 UTC,0,950.5,950.5,949.8,391.9,14.3,13.8,14.3,12.8,13.8,12.4,97,97,97,159,2,0,
2024/06/15,1300 UTC,0,950.6,950.7,950.4,1185.5,17.6,17.1,17.6,14.2,17.1,13.8,97,97,97,150,2.7,1.1,
2024/06/15,1400 UTC,0,950.2,950.7,950.1,1710.1,20.6,16.5,20.6,17.6,18.1,16,97,76,77,179,3.1,1.8,
2024/06/15,1500 UTC,0,949.2,950.2,949.2,2006.4,23.2,16.2,23.5,20.6,17.5,16.1,79,65,65,127,3.7,1.2,
2024/06/15,1600 UTC,0,948.2,949.2,948.2,2100,27,17.3,27,23.2,17.4,16.3,67,53,55,111,2.8,1,
2024/06/15,1700 UTC,0,947.6,948.2,947.6,2040.9,28.2,15.3,28.3,26.8,17.5,14.5,56,43,46,320,4.6,1.7,
2024/06/15,1800 UTC,0,947.5,947.6,947.4,1347.4,26.5,15.4,28.4,26.3,15.7,14.1,52,42,50,328,6.3,1.7,
2024/06/15,1900 UTC,0,947.5,947.6,947.4,563.9,26.3,16,26.5,25.2,17.2,15.1,61,50,53,346,4.9,2.1,
2024/06/15,2000 UTC,0,947.8,947.9,947.4,230,22.4,18.2,26.3,22.4,18.3,16.3,78,54,77,125,3.9,.3,
2024/06/15,2100 UTC,0,948.2,948.3,947.8,29.2,20.9,18.1,22.4,20.8,18.4,18.1,85,77,84,178,1.6,.6,
2024/06/15,2200 UTC,0,948.6,948.7,948.2,,19.2,17.4,20.9,19.2,18.1,17.4,90,84,90,206,1.8,.2,
2024/06/15,2300 UTC,0,948.7,948.7,948.6,,18.2,17.1,19.3,18.1,17.6,16.9,93,90,93,354,.8,0,
2024/06/16,0000 UTC,0,949.1,949.1,948.7,,17.6,16.9,18.2,17.4,17.2,16.5,95,93,95,301,1,.4,
2024/06/16,0100 UTC,0,949.2,949.2,949,,17.6,16.8,17.6,17.3,16.8,16.5,95,95,95,354,1.2,.7,
2024/06/16,0200 UTC,0,949.5,949.5,949.2,,17.7,16.8,17.8,17.5,17,16.7,95,95,95,36,1.2,0,
2024/06/16,0300 UTC,0,949.4,949.5,949.3,,17.4,16.6,17.8,17.4,17,16.6,95,95,95,69,1.3,0,
2024/06/16,0400 UTC,0,949.2,949.4,949.2,,16.9,16.4,17.4,16.8,16.6,16.2,96,95,96,215,.9,0,
2024/06/16,0500 UTC,0,949.1,949.2,949,,16.9,16.3,17.1,16.8,16.5,16.2,96,96,96,212,1.4,.1,
2024/06/16,0600 UTC,0,948.9,949.2,948.9,,16.5,16,16.9,16.5,16.4,15.9,97,96,97,275,1.3,0,
2024/06/16,0700 UTC,0,948.7,949,948.7,,16,15.4,16.6,15.9,16.1,15.3,97,97,97,60,1.4,0,
2024/06/16,0800 UTC,0,948.1,948.7,948.1,,15.7,15.2,16,15.6,15.4,15,97,97,97,358,.9,0,
2024/06/16,0900 UTC,0,948.2,948.2,948,,15.6,15.1,15.7,15.3,15.2,14.9,97,97,97,281,1.3,.6,
2024/06/16,1000 UTC,0,948.8,948.8,948.2,,15.4,14.9,15.6,15.3,15.1,14.9,97,97,97,226,1.5,.1,
2024/06/16,1100 UTC,0,949.4,949.4,948.8,85.7,15.8,15.3,15.8,15.3,15.3,14.8,97,97,97,109,.9,0,
2024/06/16,1200 UTC,0,949.5,949.5,949.3,548.1,16.5,16,16.5,15.5,16,15.1,97,97,97,27,1.3,.1,
2024/06/16,1300 UTC,0,949.9,950,949.5,849.2,18.4,17.8,18.4,16.3,17.8,15.8,97,97,97,187,1.4,.6,
2024/06/16,1400 UTC,0,949.1,949.9,949.1,1573.8,21.3,15.9,21.7,18.3,19.2,15.6,97,70,71,305,1.6,0,
2024/06/16,1500 UTC,0,948.4,949.1,948.4,1372.1,23.1,15.2,23.3,21.3,17,14.9,74,61,61,5,4.4,1.7,
2024/06/16,1600 UTC,0,947.3,948.4,947.3,1874.2,24.3,15.7,24.4,22.8,16,15,63,58,59,23,5.3,2.1,
2024/06/16,1700 UTC,0,946.1,947.3,946,1264.3,23.2,17.4,24.6,23.1,17.5,14.9,70,57,70,187,4.2,1.5,
2024/06/16,1800 UTC,0,945.9,946.1,945.6,816.7,22.2,17.9,23.2,22,18.3,17.4,78,70,77,184,4.6,1.1,
2024/06/16,1900 UTC,0,946.1,946.1,945.6,270.2,20.4,17.7,22.2,20.4,17.9,17.6,84,77,84,193,3.6,1.3,
2024/06/16,2000 UTC,0,946.1,946.2,945.9,32.1,19.8,17.6,20.4,19.8,17.7,17.6,87,84,87,170,3.3,1,
2024/06/16,2100 UTC,.2,946.2,946.6,946.1,5.9,19.1,17.9,19.8,19,17.9,17.6,93,87,93,180,3,.5,
2024/06/16,2200 UTC,0,946.4,946.6,946.2,,18.7,17.5,19.1,18.7,17.8,17.5,93,92,93,351,4.1,.2,
2024/06/16,2300 UTC,.2,946.3,946.6,946.3,,18.3,17.4,18.7,18.3,17.7,17.3,95,93,94,184,1.2,0,
2024/06/17,0000 UTC,0,946.2,946.4,946.1,,18.2,17.5,18.3,18.2,17.6,17.3,96,94,96,194,0,0,
2024/06/17,0100 UTC,.2,946.6,946.7,946.2,,18.4,17.6,18.4,18.2,17.7,17.5,96,95,95,251,2.4,0,
2024/06/17,0200 UTC,.4,946.9,947,946.6,,18.1,17.4,18.4,18.1,17.6,17.4,96,95,96,172,2,.6,
2024/06/17,0300 UTC,3,946.5,946.9,946.4,,18,17.4,18.2,18,17.6,17.4,96,96,96,164,3.3,1.3,
2024/06/17,0400 UTC,1,946.2,946.6,945.6,,17.7,16.9,18,17.6,17.5,16.9,96,95,95,251,2.9,.5,
2024/06/17,0500 UTC,3.6,946.2,946.5,946,,17.6,16.9,17.8,17.5,17.1,16.8,96,95,96,335,3,0,
2024/06/17,0600 UTC,.8,945.9,946.2,945.9,,17.5,16.9,17.6,17.4,16.9,16.8,96,96,96,1,2.8,1.8,
2024/06/17,0700 UTC,0,945,946,944.9,,17.7,16.4,18,17.4,17,16.4,96,92,92,332,4.8,1.8,
2024/06/17,0800 UTC,.2,944.9,945,944.5,2.3,18.8,15.5,19.6,17.5,16.7,15.3,93,77,81,72,4.7,1.5,
2024/06/17,0900 UTC,0,944.8,945,944.2,3.4,17.6,16,20.5,17.4,16,14.6,91,70,90,56,5.6,.9,
2024/06/17,1000 UTC,.2,945,945.4,944.6,,17.4,15.9,18.3,17.1,16,15.5,91,84,91,54,4.2,1.3,
2024/06/17,1100 UTC,0,945.9,945.9,945,23.4,16.8,15.9,17.4,16.7,16.1,15.7,95,91,95,181,2.6,.3,
2024/06/17,1200 UTC,0,946,946.1,945.7,147,17.9,16.7,17.9,16.7,16.7,15.9,95,93,93,329,2.8,.7,
2024/06/17,1300 UTC,0,945.9,946.1,945.7,332.5,19.6,16.7,19.6,17.9,16.8,16.3,93,82,83,8,3.6,2.3,
2024/06/17,1400 UTC,0,946,946,945.7,343.6,19.2,16.9,20.4,19,16.9,15.6,87,74,86,133,4.6,.3,
2024/06/17,1500 UTC,.4,946.4,946.5,945.7,187,18.3,17,19.2,18.3,17.3,16.8,92,86,92,197,2.5,1.1,
2024/06/17,1600 UTC,.2,944.5,946.4,944.3,245.1,19.1,16.4,19.1,18.3,17.5,16.4,93,84,84,340,6.5,2.1,
2024/06/17,1700 UTC,0,944.5,944.8,944.4,420.5,19.6,17.1,19.7,18.6,17.5,16.4,90,84,85,49,5.5,1,
2024/06/17,1800 UTC,0,943.6,944.5,943.5,603.5,20.6,16.6,20.6,19.6,17.3,16.4,86,78,78,49,3.5,.8,
2024/06/17,1900 UTC,0,943.8,944.1,943.5,300.7,19.5,17.5,20.7,19.5,17.8,16.4,88,77,88,143,2,1,
2024/06/17,2000 UTC,0,944.1,944.2,943.5,60.7,19.1,17.2,19.5,19.1,17.6,17.2,90,87,89,3,3,.4,
2024/06/17,2100 UTC,0,944.8,944.8,943.9,2.8,17.9,16.8,19.3,17.9,17.3,16.2,93,82,93,163,3.5,.6,
2024/06/17,2200 UTC,0,944.8,945,944.5,,17.7,16.8,18,17.6,16.9,16.7,95,93,95,211,1.8,.8,
2024/06/17,2300 UTC,0,944.8,945,944.8,,17.5,16.3,17.8,17.5,17,16.3,95,92,92,347,2.6,1.5,
2024/06/18,0000 UTC,0,944.4,944.9,944.3,,17,16,17.5,17,16.3,16,95,92,94,323,2.5,.7,
2024/06/18,0100 UTC,0,944.6,944.7,944.3,,16.7,16,17,16.7,16,15.9,96,94,96,161,1.6,.4,
2024/06/18,0200 UTC,.2,944.4,944.8,944.2,,16.4,15.8,16.6,16.4,16,15.8,96,96,96,246,2.4,.8,
2024/06/18,0300 UTC,0,944.8,944.8,944.1,,16.5,15.9,16.6,16.4,15.9,15.8,96,96,96,163,2.4,.6,
2024/06/18,0400 UTC,0,944.6,944.8,944.3,.1,16.3,15.7,16.5,16.2,15.9,15.6,96,96,96,179,2.7,.7,
2024/06/18,0500 UTC,.2,944.9,944.9,944.6,,16.2,15.4,16.3,16.1,15.7,15.4,96,95,95,212,2.7,1.2,
2024/06/18,0600 UTC,0,945.3,945.3,944.7,,16.1,15.3,16.2,16.1,15.4,15.3,95,95,95,169,2.3,.2,
2024/06/18,0700 UTC,1.2,945.7,946.2,945.3,,16.6,15.4,16.7,16,15.9,15.2,95,92,92,63,5.9,.5,
2024/06/18,0800 UTC,1,945.8,945.9,945.2,,16.1,15.5,16.6,16.1,15.5,15.2,96,92,96,212,3,1.3,
2024/06/18,0900 UTC,1,946.3,946.4,945.8,,16.2,15.5,16.2,16.1,15.6,15.5,96,96,96,130,3,.7,
2024/06/18,1000 UTC,1.2,946.9,947,946.2,,15.5,14.9,16.2,15.5,15.5,14.9,96,95,96,209,1.9,.6,
2024/06/18,1100 UTC,.4,946.5,947.1,946.5,21.1,15.7,15,15.7,15.5,15,14.8,96,95,95,326,2.4,1.5,
2024/06/18,1200 UTC,0,948.4,948.4,946.4,152.3,16.1,15.3,16.2,15.7,15.4,14.9,95,94,95,172,3.2,1.8,
2024/06/18,1300 UTC,0,948.3,948.4,947.9,587.2,17.2,15.5,17.2,16.1,15.6,15.1,95,89,90,347,3.2,.8,
2024/06/18,1400 UTC,0,947.5,948.3,947.5,931.9,18.3,15.8,18.5,17.2,16.3,15.5,91,85,85,355,3,1.6,
2024/06/18,1500 UTC,0,946.4,947.5,946.3,1939.5,20.4,17.5,20.4,18.1,17.5,15.6,87,82,84,4,5.3,3.3,
2024/06/18,1600 UTC,0,945.3,946.4,945.3,2180.8,21.9,17.9,21.9,20.4,18.1,16.9,84,76,78,21,5.3,3.6,
2024/06/18,1700 UTC,0,944.4,945.3,944.4,2002.8,22.4,17.3,22.6,21.6,17.9,16.8,79,71,73,7,6.4,4,
2024/06/18,1800 UTC,0,944,944.4,944,1685.6,23.2,16.6,23.2,22.4,17.6,16.2,73,66,66,33,6.4,3.2,
2024/06/18,1900 UTC,0,944,944,943.8,1151.7,22.9,16.6,23.2,22.8,16.9,16,69,65,68,34,5.4,2.9,
2024/06/18,2000 UTC,0,944.3,944.3,943.9,481.8,21.8,17,23,21.8,17.1,16.5,74,67,74,349,4.8,1.6,
2024/06/18,2100 UTC,0,945.1,945.1,944.3,38.1,18.8,17.3,21.8,18.8,17.6,16.9,91,74,91,171,2.7,1.3,
2024/06/18,2200 UTC,0,945.8,945.8,945.1,,18.1,17.1,18.8,18.1,17.3,17.1,94,91,94,196,2.5,.4,
2024/06/18,2300 UTC,0,946.2,946.2,945.6,,17.4,16.6,18.1,17.4,17.1,16.6,95,94,95,185,1.9,0,
2024/06/19,0000 UTC,0,946.2,946.3,946.1,,17.2,16.6,17.5,16.8,16.7,16.1,96,95,96,203,0,0,
2024/06/19,0100 UTC,0,946.2,946.3,946.2,,17.7,17.2,17.8,17.2,17.2,16.7,96,96,96,95,.8,0,
2024/06/19,0200 UTC,0,945.8,946.2,945.8,.3,17.4,16.8,17.8,17.4,17.2,16.8,96,96,96,119,1.6,.6,
2024/06/19,0300 UTC,0,945.6,945.9,945.5,,17.4,16.8,17.5,17.4,16.9,16.8,97,96,97,141,1.6,0,
2024/06/19,0400 UTC,0,945.6,945.6,945.4,,16.9,16.4,17.4,16.9,16.9,16.4,97,97,97,15,2.4,1.3,
2024/06/19,0500 UTC,0,945.5,945.8,945.5,,16.3,15.8,17,16.3,16.4,15.8,97,97,97,24,3.6,1.2,
2024/06/19,0600 UTC,0,945.4,945.6,945.3,,16,15.5,16.3,16,15.8,15.5,97,97,97,296,2.3,.4,
2024/06/19,0700 UTC,0,945.8,945.8,945.3,,15.8,15.3,16.1,15.7,15.6,15.3,97,97,97,144,1.7,.5,
2024/06/19,0800 UTC,0,945.5,945.8,945.3,,15.2,14.8,15.8,15.2,15.3,14.8,97,97,97,110,1.8,.3,
2024/06/19,0900 UTC,0,945.9,946,945.4,,15.3,14.8,15.5,15,15,14.5,97,97,97,357,2.7,.3,
2024/06/19,1000 UTC,0,947.1,947.1,945.9,,16,15.5,16,15.2,15.5,14.7,97,97,97,178,3.2,1.6,
2024/06/19,1100 UTC,0,947.8,947.8,947.1,54.7,16.3,15.8,16.3,15.9,15.8,15.4,97,97,97,194,3.5,.5,
2024/06/19,1200 UTC,0,948.7,948.8,947.8,267,16.7,15.8,16.7,16.2,16.1,15.7,97,95,95,328,1.7,.8,
2024/06/19,1300 UTC,0,949.4,949.4,948.7,343.7,17,15.5,17,16.5,15.8,15.4,95,91,91,41,1.7,.5,
2024/06/19,1400 UTC,0,949.4,949.5,949.4,890.2,18.3,15.8,18.4,17,16.5,15.1,92,84,85,212,2.2,.8,
2024/06/19,1500 UTC,0,948.5,949.5,948.5,1180.8,19,16,19.5,18.2,16.3,15.3,86,79,83,174,2.4,1.1,
2024/06/19,1600 UTC,0,947.7,948.6,947.7,568.7,18.4,16,19,18.3,16.2,15.7,86,83,86,171,4,1.2,
2024/06/19,1700 UTC,0,947.2,947.7,947.2,451.8,18.5,16.5,18.8,18.3,16.6,15.9,89,85,88,167,2.9,1.3,
2024/06/19,1800 UTC,0,947,947.3,946.8,354.7,17.9,16.4,18.5,17.9,16.6,16.2,91,87,91,179,3.7,2,
2024/06/19,1900 UTC,.2,947.1,947.2,946.9,177.4,17.9,16.4,18,17.8,16.5,16.3,91,90,91,156,3.6,.7,
2024/06/19,2000 UTC,.2,947.7,947.7,947.1,69.8,17.5,16.5,17.9,17.5,16.6,16.3,94,91,94,144,2.9,1.5,
2024/06/19,2100 UTC,0,947.7,947.7,947.3,12.8,17.4,16.5,17.6,17.4,16.7,16.5,95,94,95,241,2.6,.6,
2024/06/19,2200 UTC,0,948.4,948.4,947.7,,17.3,16.4,17.6,17.2,16.7,16.4,95,94,95,136,2.5,1.3,
2024/06/19,2300 UTC,0,948.7,948.7,948.1,,17.3,16.6,17.4,17.2,16.7,16.5,96,95,96,141,2.2,.4,
2024/06/20,0000 UTC,0,949.2,949.3,948.7,,17.2,16.5,17.3,17.2,16.6,16.5,96,96,96,165,2.8,0,
2024/06/20,0100 UTC,0,949.6,949.6,949.2,,17.1,16.5,17.2,17.1,16.5,16.4,96,96,96,171,1.2,.3,
2024/06/20,0200 UTC,0,949.9,949.9,949.6,,17.1,16.4,17.1,17,16.5,16.4,96,96,96,185,1.2,0,
2024/06/20,0300 UTC,0,950.1,950.1,949.8,,17,16.4,17.1,17,16.4,16.4,96,96,96,186,2,.1,
2024/06/20,0400 UTC,0,949.8,950.2,949.8,,16.9,16.1,17.1,16.9,16.4,16.1,96,95,95,310,1.8,.6,
2024/06/20,0500 UTC,0,949.5,949.9,949.5,.5,16.9,16.3,16.9,16.8,16.3,16.1,96,95,96,282,1,0,
2024/06/20,0600 UTC,.2,949,949.5,948.9,,17.1,16.4,17.1,16.9,16.4,16.3,96,96,96,120,.7,.1,
2024/06/20,0700 UTC,0,948.7,949.1,948.7,,17.1,16.4,17.2,17,16.5,16.4,96,96,96,74,1.5,0,
2024/06/20,0800 UTC,0,948.9,949.3,948.8,,17,16.4,17.1,17,16.4,16.4,96,96,96,208,1.4,0,
2024/06/20,0900 UTC,0,949.6,949.6,948.9,,16.8,16.1,17.2,16.8,16.5,16.1,96,95,95,202,3.4,0,
2024/06/20,1000 UTC,0,950.5,950.5,949.6,,16.1,15.5,16.8,16.1,16.1,15.5,96,95,96,20,2,.4,
2024/06/20,1100 UTC,0,951.7,951.7,950.5,28.5,16.6,16,16.6,16,16,15.4,97,96,97,111,1.2,0,
2024/06/20,1200 UTC,0,952.8,952.8,951.7,209,17.2,16.6,17.2,16.6,16.6,16,97,96,96,123,1.9,.6,
2024/06/20,1300 UTC,0,953.2,953.2,952.8,441.2,18,16.8,18,17.2,17,16.4,96,93,93,173,2,.4,
2024/06/20,1400 UTC,0,953.1,953.5,953.1,338.5,18.3,16.6,18.5,18,17.1,16.4,93,88,90,129,2.3,1.5,
2024/06/20,1500 UTC,0,952.6,953.1,952.5,418.8,18.3,15.7,19,18.3,16.8,15.5,90,82,85,147,3.5,1.7,
2024/06/20,1600 UTC,0,951.3,952.6,951.3,140,17.6,15.8,18.3,17.6,15.9,15.5,89,85,89,219,2.8,.2,
2024/06/20,1700 UTC,0,950.5,951.3,950.5,244.1,18.1,16.4,18.1,17.6,16.4,15.7,91,87,90,155,1.4,.8,
2024/06/20,1800 UTC,0,950.6,950.6,950.4,479.9,18.5,16.1,19,18.1,16.5,15.1,90,78,86,190,1.9,.6,
2024/06/20,1900 UTC,0,951,951,950.2,245.1,18.1,16,18.5,18,16.3,15.9,89,85,87,179,3,1.5,
2024/06/20,2000 UTC,0,951.2,951.2,951,49.8,17.7,15.6,18.2,17.6,16,15.4,90,84,87,161,3.5,1.2,
2024/06/20,2100 UTC,0,951.1,951.2,950.9,14.4,17.7,14.3,18.1,17.4,15.7,14.3,89,80,81,163,5.2,1.3,
2024/06/20,2200 UTC,0,951.3,951.5,951.1,,16.8,14.5,17.9,16.8,14.7,14.3,87,80,86,178,2.8,.9,
2024/06/20,2300 UTC,0,951,951.3,950.9,,16,14.2,17,16,14.6,14,89,82,89,197,1.6,.2,
2024/06/21,0000 UTC,0,951.1,951.1,950.8,,16,14.4,16.4,15.7,14.6,14,91,85,90,328,2.2,.4,
2024/06/21,0100 UTC,0,951,951.2,950.8,,15.2,14.2,16.1,14.9,14.5,13.7,94,90,94,266,1.7,.6,
2024/06/21,0200 UTC,0,951,951.2,950.9,,14.2,13.5,15.3,14.2,14.3,13.5,95,94,95,211,1.7,.5,
2024/06/21,0300 UTC,0,951.2,951.3,951,,13.5,12.9,14.2,13.5,13.5,12.9,96,95,96,157,1.2,.6,
2024/06/21,0400 UTC,0,950.7,951.5,950.7,,13.1,12.6,13.5,13.1,12.9,12.6,97,96,97,342,2.3,.9,
2024/06/21,0500 UTC,0,950.5,950.7,950.4,,12.4,11.9,13.1,12.4,12.6,11.9,97,97,97,97,1.8,0,
2024/06/21,0600 UTC,0,950.6,950.6,950.1,,12.6,12.2,12.6,12.2,12.2,11.7,97,97,97,218,2.1,.8,
2024/06/21,0700 UTC,0,950.4,950.7,950.2,,13,12.6,13,12.6,12.6,12.1,97,97,97,73,2.1,0,
2024/06/21,0800 UTC,0,949.8,950.4,949.8,,13.2,12.7,13.3,13,12.8,12.6,97,96,96,301,1.3,.5,
2024/06/21,0900 UTC,0,949.5,949.9,949.4,,13.5,12.7,13.5,13.2,12.7,12.5,96,95,95,312,1.7,.7,
2024/06/21,1000 UTC,0,950,950,949.5,,13.6,12.9,13.7,13.5,12.9,12.6,95,94,95,210,1.7,.1,
2024/06/21,1100 UTC,0,950.5,950.5,949.9,41.2,14.1,13.3,14.1,13.6,13.3,12.9,96,95,95,151,1.7,.3,
2024/06/21,1200 UTC,0,951.6,951.6,950.5,244.6,15.5,14.3,15.5,14.1,14.3,13.3,95,93,93,219,1.1,.4,
2024/06/21,1300 UTC,0,952.3,952.4,951.6,282.9,16,14.7,16,15.4,14.7,14,93,91,92,175,2.6,.4,
2024/06/21,1400 UTC,0,952.1,952.3,952,1007,19.3,16.5,19.3,16.1,16.5,14.7,92,84,84,212,2,1.1,
2024/06/21,1500 UTC,0,951.3,952.1,951.3,952.7,18.5,15.3,19.6,18.5,16.8,15.1,84,77,82,283,2.8,1.2,
2024/06/21,1600 UTC,0,950.1,951.3,950.1,737,19.3,15.4,19.4,18.5,15.9,15.2,84,78,78,271,2.5,.7,
2024/06/21,1700 UTC,0,949.3,950.2,949.3,704,19.3,15.2,19.6,19.1,15.7,15.2,80,77,77,308,2.6,.3,
2024/06/21,1800 UTC,0,948.7,949.4,948.7,612.8,19.2,15.9,19.7,18.8,16.1,15.2,83,77,81,107,2.3,.8,
2024/06/21,1900 UTC,0,948,948.7,948,450.9,18.7,15.9,19.3,18.7,16.2,15.5,84,80,84,195,1.9,1,
2024/06/21,2000 UTC,0,948,948.1,948,200.7,18.1,16,18.7,18.1,16.1,15.8,88,84,88,208,2,0,
2024/06/21,2100 UTC,0,947.9,948,947.8,22.9,16.7,15.6,18,16.7,16,15.4,93,88,93,207,1.2,.6,
2024/06/21,2200 UTC,0,948.5,948.5,947.8,,16,15.3,16.6,16,15.5,15.3,95,93,95,143,1.4,0,
2024/06/21,2300 UTC,0,948.7,948.7,948.5,,16.6,15.8,16.6,16,15.9,15.3,96,95,95,242,1.7,.1,
2024/06/22,0000 UTC,0,949.1,949.2,948.7,,16.8,15.8,16.8,16.6,15.9,15.8,95,94,94,118,1.4,.1,
2024/06/22,0100 UTC,0,949.5,949.5,949,,16.8,15.9,16.8,16.7,15.9,15.7,95,94,95,112,1.1,0,
2024/06/22,0200 UTC,0,949.6,949.6,949.5,,16.5,15.7,16.8,16.5,16,15.7,95,95,95,245,1.2,.2,
2024/06/22,0300 UTC,0,949.5,949.7,949.4,,16.5,15.8,16.6,16.4,15.8,15.6,96,95,96,270,1.1,.1,
2024/06/22,0400 UTC,0,948.8,949.5,948.8,,16.6,15.8,16.6,16.4,15.9,15.7,96,95,95,80,.8,0,
2024/06/22,0500 UTC,0,948.2,948.9,948.2,,15.9,15.3,16.6,15.9,15.8,15.3,96,95,96,312,2.4,1.1,
2024/06/22,0600 UTC,0,947.4,948.2,947.4,,15.4,14.9,16,15.4,15.4,14.9,96,96,96,18,3.1,2,
2024/06/22,0700 UTC,0,947,947.4,946.9,,15.1,14.6,15.4,15.1,14.8,14.6,97,96,97,5,3.1,1.8,
2024/06/22,0800 UTC,0,946.6,947,946.6,,14.4,14,15.1,14.3,14.6,13.9,97,97,97,179,2.9,0,
2024/06/22,0900 UTC,0,946.8,946.8,946.5,,14.7,14.3,14.7,14.4,14.3,13.9,97,97,97,215,1.7,.2,
2024/06/22,1000 UTC,0,947.3,947.3,946.8,,14.7,14.2,14.9,14.6,14.5,14.1,97,97,97,107,1.3,.1,
2024/06/22,1100 UTC,0,948,948,947.3,32,14.5,14,14.9,14.5,14.4,14,97,97,97,107,1.3,.3,
2024/06/22,1200 UTC,0,948.5,948.5,948,307.8,14.8,14.3,14.8,14.4,14.4,13.9,97,97,97,150,2.1,.5,
2024/06/22,1300 UTC,0,948.9,949,948.5,692.2,16,15.5,16.1,14.8,15.5,14.4,97,97,97,323,2.2,.8,
2024/06/22,1400 UTC,0,948.6,949,948.6,1470,18.5,15.2,18.5,16,16.8,14.6,97,81,81,8,3.7,1.3,
2024/06/22,1500 UTC,0,947.7,948.6,947.7,2029.9,19.8,14.6,20,18,15.5,14.3,81,71,72,343,3,1.4,
2024/06/22,1600 UTC,0,946.4,947.7,946.4,2184.7,21.9,15.6,21.9,19.6,15.8,14.3,74,67,68,356,2.9,1.4,
2024/06/22,1700 UTC,.2,945.3,946.4,945.3,2060.8,24.9,14.7,24.9,21.9,16.5,14.7,68,53,53,23,2.8,1.4,
2024/06/22,1800 UTC,0,944.7,945.3,944.5,1731.9,25.3,13.8,25.7,24.7,14.9,13.6,54,49,49,341,6.1,1.6,
2024/06/22,1900 UTC,0,944.5,944.8,944.5,1173.4,25,14.2,25.5,25,15,13.7,54,49,51,347,4.6,1.9,
2024/06/22,2000 UTC,0,944.6,944.7,944.4,524,23.4,14.4,25,23.4,15.2,14.1,58,51,57,342,3.9,2,
2024/06/22,2100 UTC,0,944.7,944.7,944.5,35.3,19.2,15.2,23.4,19.2,15.3,14.3,78,57,78,169,3.6,.5,
2024/06/22,2200 UTC,0,945.1,945.1,944.7,,17.4,15.7,19.2,17.4,16,15.1,90,78,90,24,.9,0,
2024/06/22,2300 UTC,0,945.3,945.4,945.1,,16.1,14.8,17.4,16.1,16.1,14.8,93,89,92,20,1.4,.1,
2024/06/23,0000 UTC,0,945.3,945.3,944.9,,15.3,14.6,16.1,15.1,14.8,14.4,96,92,96,191,.9,0,
2024/06/23,0100 UTC,0,945.4,945.5,945.2,,14.6,14.1,15.3,14.5,14.6,13.9,96,96,96,226,1.1,.5,
2024/06/23,0200 UTC,0,945.4,945.5,945.1,,13.9,13.4,15,13.9,14.5,13.3,97,96,97,192,1.4,0,
2024/06/23,0300 UTC,0,945.6,945.6,945.3,,13.8,13.3,14.1,13.7,13.5,13.2,97,97,97,332,0,0,
2024/06/23,0400 UTC,0,945,945.7,944.9,,13.5,13.1,13.8,13.4,13.3,12.9,97,97,97,319,1.8,.3,
2024/06/23,0500 UTC,0,944.4,945,944.4,,13.4,13,13.6,13.4,13.2,12.9,97,97,97,63,1.8,0,
2024/06/23,0600 UTC,0,943.9,944.4,943.9,,12.9,12.4,13.4,12.9,13,12.4,97,97,97,49,1.4,.1,
2024/06/23,0700 UTC,0,943.5,943.9,943.4,,12.5,12.1,12.9,12.4,12.4,12,97,97,97,160,1,0,
2024/06/23,0800 UTC,0,943.4,943.6,943.3,,12.2,11.7,12.6,12.2,12.2,11.7,97,97,97,163,1.6,0,
2024/06/23,0900 UTC,0,943.2,943.4,943.2,,12.2,11.8,12.4,12.1,12,11.7,97,97,97,147,1.3,.1,
2024/06/23,1000 UTC,0,943.3,943.3,942.7,,12.8,12.3,13.3,12,12.8,11.6,97,97,97,119,3,.9,
2024/06/23,1100 UTC,0,943.6,943.7,943.2,107.3,14.3,13.8,14.3,12.7,13.8,12.3,97,97,97,182,1.8,.5,
2024/06/23,1200 UTC,0,944,944,943.5,632.8,18.4,16,18.4,14.3,17.9,13.9,97,86,86,69,2.9,.9,
2024/06/23,1300 UTC,0,944.7,944.7,944,1241.6,19.7,15.8,21.8,18.3,16.2,14.6,86,70,78,130,3.7,1.2,
2024/06/23,1400 UTC,0,944.3,944.9,944.3,1587.1,24.4,16.3,24.4,19.7,16.8,15.5,81,60,61,3,5.7,2.3,
2024/06/23,1500 UTC,0,943.7,944.4,943.7,1482.9,24.1,16,25.1,23.7,16.6,14.6,63,53,61,17,5.8,4.1,
2024/06/23,1600 UTC,0,942.4,943.7,942.4,1635.5,26.8,16,27,23.6,17.2,15.9,64,51,51,332,7.1,2.8,
2024/06/23,1700 UTC,0,942.2,942.4,942.1,1297.5,26,16.1,26.8,25.9,17.2,15.1,56,50,55,321,7.6,2.9,
2024/06/23,1800 UTC,0,942.1,942.3,942,745.5,26.7,15.7,27,26,16.4,15.5,55,50,51,242,6.7,2.3,
2024/06/23,1900 UTC,0,942,942.2,941.9,752.7,27.4,16.4,27.6,26.6,16.7,15.6,53,49,51,273,5.7,.9,
2024/06/23,2000 UTC,0,942.6,942.6,942,433.8,25.1,17.4,27.4,25,18,16,63,50,62,327,4,1.5,
2024/06/23,2100 UTC,0,943,943,942.6,70.4,22.7,17.7,25.2,22.6,17.7,17.4,74,62,74,319,3.5,.5,
2024/06/23,2200 UTC,0,943.6,943.6,943,,19.4,17.4,22.7,19.4,18,17.4,88,74,88,90,1.6,0,
2024/06/23,2300 UTC,0,944.4,944.4,943.6,,18.6,17.4,19.9,18.5,18,17.2,93,87,93,295,1.2,0,
2024/06/24,0000 UTC,0,944.8,944.9,944.3,,18,17,18.6,17.8,17.6,16.8,94,93,94,299,1.3,.3,
2024/06/24,0100 UTC,0,945,945,944.7,,17.3,16.4,18.1,17.3,17.2,16.3,95,93,95,3,1.7,1.2,
2024/06/24,0200 UTC,0,945.4,945.5,945,,17,16.2,17.4,16.9,16.6,16,95,95,95,334,2.5,.9,
2024/06/24,0300 UTC,0,945.3,945.5,945.3,,17.1,16.4,17.2,16.9,16.5,16.1,96,95,96,168,2,0,
2024/06/24,0400 UTC,0,944.9,945.4,944.9,,17.4,16.5,17.5,16.9,16.8,16.2,96,94,94,24,2.6,1.2,
2024/06/24,0500 UTC,0,944.4,944.9,944.4,,16.7,16,17.4,16.5,16.5,15.7,96,94,96,326,2.6,0,
2024/06/24,0600 UTC,0,943.7,944.4,943.6,,16.7,16,16.9,16.4,16.2,15.7,96,95,95,44,2.1,0,
2024/06/24,0700 UTC,0,943.3,943.7,943.2,,16.3,15.6,16.8,16.2,16.1,15.6,96,95,96,324,.6,0,
2024/06/24,0800 UTC,0,942.8,943.4,942.8,,16.3,15.6,16.8,16.1,16.1,15.4,96,95,95,335,1.5,0,
2024/06/24,0900 UTC,0,942.9,943,942.5,,16.6,15.9,16.9,16.3,16.1,15.6,96,94,95,277,2.5,.3,
2024/06/24,1000 UTC,0,943.1,943.1,942.6,,19.6,16.5,19.6,16.5,16.8,15.7,95,82,82,352,5.6,3.8,
2024/06/24,1100 UTC,.2,943.4,943.5,943,14,19,16.1,19.7,17.6,16.5,15.5,91,81,83,348,5.6,3.1,
2024/06/24,1200 UTC,0,945.2,945.3,943.4,45.8,17.6,16.3,19.2,17.6,16.6,16,93,83,92,123,5,.1,
2024/06/24,1300 UTC,1.8,947.1,947.3,945.2,77.8,17.6,16.7,17.8,17.5,16.7,16.3,95,92,95,79,4.6,1.7,
2024/06/24,1400 UTC,1.6,946.8,947.1,946.5,93,17.8,16.7,18.4,17.6,17.1,16.6,95,90,93,137,4,1.1,
2024/06/24,1500 UTC,5.8,946.1,946.9,946.1,83.8,17.7,16.9,17.9,17.7,17,16.7,95,93,95,19,2.9,.8,
2024/06/24,1600 UTC,8.2,945.6,946.7,945.5,109.3,17.7,17.1,17.7,17.5,17.1,16.9,96,95,96,99,3.5,.1,
2024/06/24,1700 UTC,1.6,945,945.6,944.5,282.8,17.8,16.9,18.1,17.7,17.3,16.9,96,94,95,20,4.4,1.5,
2024/06/24,1800 UTC,2.2,944.9,945.1,943.8,139.6,17.8,16.9,18.1,17.6,17.3,16.9,96,94,94,354,4.2,1.5,
2024/06/24,1900 UTC,4.4,944.9,945.2,944.5,72,17.5,16.7,17.8,17.5,16.9,16.7,96,94,95,358,3.7,1.9,
2024/06/24,2000 UTC,1.2,945.2,945.2,944.8,69.2,17.7,16.6,17.8,17.5,16.8,16.6,95,93,94,9,3.8,1.3,
2024/06/24,2100 UTC,1.2,945.4,945.6,945.2,7.9,17.2,16.6,17.7,17.2,16.7,16.6,96,94,96,136,3.5,1,
2024/06/24,2200 UTC,0,945.9,945.9,945.4,0,17.2,16.6,17.2,17.1,16.6,16.5,97,96,97,336,1.8,0,
2024/06/24,2300 UTC,0,946.4,946.5,945.9,,17.4,16.9,17.4,17.2,16.9,16.6,97,97,97,7,1.7,.8,
2024/06/25,0000 UTC,0,947,947,946.4,0,17.1,16.6,17.4,17.1,16.9,16.6,97,97,97,158,1.7,0,
2024/06/25,0100 UTC,0,947.8,947.8,947,.3,17.1,16.5,17.2,17,16.6,16.5,97,97,97,189,1.8,.6,
2024/06/25,0200 UTC,1.2,948.5,948.5,947.8,1.8,14.9,14.2,17.1,14.9,16.6,14.2,97,96,96,187,5,2.2,
2024/06/25,0300 UTC,.6,949.3,949.3,948.5,.4,13.9,13.1,14.9,13.9,14.2,13.1,96,95,95,181,4.9,2.5,
2024/06/25,0400 UTC,0,949.8,949.8,949.3,,13.3,12.7,13.9,13.3,13.2,12.7,96,95,96,191,4.5,2.2,
2024/06/25,0500 UTC,0,949.9,950,949.7,.1,13.3,12.3,13.4,13.3,12.7,12.3,96,94,94,177,5.1,1.5,
2024/06/25,0600 UTC,.2,950.3,950.3,949.9,,12.6,12,13.3,12.6,12.3,12,96,94,96,186,4.2,1.9,
2024/06/25,0700 UTC,0,950.5,950.7,950.3,,12.2,11.5,12.6,12.2,12,11.5,96,95,95,186,4,1.4,
2024/06/25,0800 UTC,0,950.2,950.6,950.2,,12,11.3,12.3,12,11.5,11.3,96,95,96,201,3.4,.9,
2024/06/25,0900 UTC,.2,950.5,950.5,950.2,,11.6,11.1,12,11.6,11.3,11,97,96,97,179,3.1,.9,
2024/06/25,1000 UTC,.6,951,951.1,950.5,,11.4,10.9,11.7,11.4,11.1,10.9,97,97,97,211,4.1,1.3,
2024/06/25,1100 UTC,.4,952,952,951,19.1,11.5,11,11.5,11.4,11,10.9,97,97,97,206,2.7,1.4,
2024/06/25,1200 UTC,.2,952.8,952.8,952,130,11.9,11.4,12,11.5,11.5,11,97,97,97,227,2.5,1.2,
2024/06/25,1300 UTC,0,953.4,953.4,952.8,329.5,12.6,11.8,12.7,11.9,12,11.4,97,95,95,132,2.3,.2,
2024/06/25,1400 UTC,0,953.3,953.5,953.2,514.5,13.6,11.2,13.6,12.6,12.1,11.2,95,86,86,25,3.9,2.3,
2024/06/25,1500 UTC,0,953.1,953.3,952.8,491.3,13,11.1,13.6,12.9,11.5,10.8,90,84,88,21,4.7,2.8,
2024/06/25,1600 UTC,0,952.3,953.2,952.3,443.1,12.7,11.4,13,12.5,11.4,10.8,92,88,91,22,4.7,1.8,
2024/06/25,1700 UTC,0,951.6,952.2,951.6,459.8,12.3,11.1,13.1,12.2,11.4,10.6,93,86,93,8,5,3.1,
2024/06/25,1800 UTC,.6,951.7,951.9,951.6,217.7,11.8,10.8,12.3,11.8,11.1,10.5,94,91,93,20,5.4,3.1,
2024/06/25,1900 UTC,0,951.5,951.7,951.4,153.6,11.3,10,11.9,11.3,10.7,9.7,93,87,92,1,5.3,2.6,
2024/06/25,2000 UTC,0,952.1,952.1,951.2,56,11.2,10.1,11.3,11.1,10.3,10,94,92,93,341,4.1,1,
2024/06/25,2100 UTC,.2,951.9,952.2,951.8,5.9,10.9,10.2,11.2,10.9,10.2,10,95,93,95,359,3.2,1.6,
2024/06/25,2200 UTC,.4,952.5,952.5,951.7,,10.8,10,10.9,10.7,10.2,10,95,95,95,334,2.7,.6,
2024/06/25,2300 UTC,1.8,952.3,952.5,951.7,,10.6,9.4,10.8,10.5,10.1,9.3,95,92,92,340,3,1.5,
2024/06/26,0000 UTC,3,952.1,952.5,951.5,,10.3,9.3,10.6,10.3,9.5,9.3,94,92,94,339,3,1.1,
2024/06/26,0100 UTC,1.6,951.9,952.4,951.7,,10.4,9.6,10.4,10.3,9.6,9.4,95,94,95,187,2.4,.1,
2024/06/26,0200 UTC,.2,951.8,952.2,951.6,,10.3,9.3,10.5,10.3,9.7,9.2,95,93,93,341,2.7,1.4,
2024/06/26,0300 UTC,.2,952,952,951.5,,10.2,9.5,10.3,10.1,9.5,9.2,96,93,96,307,2.8,.5,
2024/06/26,0400 UTC,0,951.1,952,951.1,,10.3,9.5,10.4,10.2,9.6,9.4,96,94,95,358,2.5,1.3,
2024/06/26,0500 UTC,0,950.4,951.1,950.4,,10.5,9.4,10.5,10.3,9.5,9.4,95,93,93,328,2.3,1.2,
2024/06/26,0600 UTC,0,949.2,950.5,949.2,,10.5,9.5,10.6,10.5,9.5,9.4,93,93,93,1,2.7,1.6,
2024/06/26,0700 UTC,0,948.5,949.3,948.5,,10.6,9.9,10.7,10.5,9.9,9.5,95,93,95,33,2.8,.6,
2024/06/26,0800 UTC,0,947.8,948.5,947.8,,10.7,10,10.7,10.5,10,9.8,96,95,96,25,2.5,.4,
2024/06/26,0900 UTC,.2,947,947.8,947,,10.8,10.2,11,10.6,10.4,9.9,96,96,96,143,1.6,.5,
2024/06/26,1000 UTC,.2,947.1,947.1,946.7,,11,10.1,11.1,10.8,10.3,10,96,94,94,74,4.4,.5,
2024/06/26,1100 UTC,.4,946.7,947.2,946.7,22.9,10.8,10.2,11,10.7,10.2,10,96,94,96,7,2,0,
2024/06/26,1200 UTC,.4,946.4,946.7,946.2,341.6,12,11,12.5,10.8,11.5,10.2,96,93,93,113,4.9,1.5,
2024/06/26,1300 UTC,0,946.4,946.8,946.2,474.4,12.4,11.4,12.8,11.9,11.9,10.8,95,92,94,203,4,1.4,
2024/06/26,1400 UTC,0,945.6,946.7,945.6,804.3,16.3,14,16.3,12.4,14.2,11.4,94,85,86,14,6.9,4.1,
2024/06/26,1500 UTC,0,945,945.8,945,1425.3,17.9,14.9,18,16.3,15.1,14.1,87,81,83,24,8.1,3.6,
2024/06/26,1600 UTC,0,945,945.7,944.8,960.2,15.8,14.1,18.2,14.3,15.3,12.1,91,80,90,147,10.9,1.3,
2024/06/26,1700 UTC,0,944.6,945,944.5,1090.1,18.1,14.8,18.1,15.8,14.8,13.7,90,81,81,142,4.8,2.6,
2024/06/26,1800 UTC,0,944.3,944.6,944.1,1164.1,17.8,13.9,18.7,17.7,15,13.7,81,76,78,134,6.6,2.8,
2024/06/26,1900 UTC,0,945.1,945.1,944.2,826.9,16.8,13.5,18.7,16.8,14.7,13.3,80,75,80,146,6.3,3.5,
2024/06/26,2000 UTC,0,945.6,945.6,945.1,85.7,16.1,12.9,17.1,16.1,13.7,12.8,82,79,82,145,6.9,3,
2024/06/26,2100 UTC,0,945.8,945.9,945.6,14.1,15.5,12.2,16.1,15.5,13,12.2,83,80,80,133,6.9,2.5,
2024/06/26,2200 UTC,0,945.9,946,945.7,,15.6,11.8,15.6,15.2,12.2,11.8,82,78,78,120,5.4,1.1,
2024/06/26,2300 UTC,0,946,946.1,945.7,,15.5,11.3,15.7,15,12.1,10.9,83,74,76,225,6.3,2.4,
2024/06/27,0000 UTC,0,946,946.4,945.8,,15.1,10.7,15.8,14.9,11.5,10.7,80,73,75,216,6.3,1.8,
2024/06/27,0100 UTC,0,946.3,946.3,945.9,,15.1,10.7,15.5,14.7,11.1,10.5,79,72,75,175,8.5,1.9,
2024/06/27,0200 UTC,0,946.6,946.6,946.3,,13.7,11.3,15.3,13.2,11.4,10.1,87,71,85,171,6.5,1.6,
2024/06/27,0300 UTC,0,946.8,946.8,946.4,,13.2,10,13.8,13,11.2,9.9,85,80,81,183,4.6,1.5,
2024/06/27,0400 UTC,0,946.9,946.9,946.6,,12.5,8.8,13.2,12.3,10,8.8,82,78,78,135,3.9,1.9,
2024/06/27,0500 UTC,0,947,947.3,946.9,,11.3,8.1,12.4,11.2,8.8,8.1,82,77,81,174,4.8,1.3,
2024/06/27,0600 UTC,0,947.1,947.2,946.9,,11,7,11.6,10.8,8.1,6.9,82,73,76,183,4.8,1.7,
2024/06/27,0700 UTC,0,947.2,947.3,947,,10.8,6.4,11.1,10.6,7.4,6.4,80,74,74,180,6.3,2.9,
2024/06/27,0800 UTC,0,947.3,947.3,946.9,,10,5.5,10.8,9.8,6.4,5.5,75,72,74,190,6.4,2.3,
2024/06/27,0900 UTC,0,947.4,947.4,947,,8,5.8,10.3,7.9,5.9,5.3,86,72,86,138,5,.8,
2024/06/27,1000 UTC,0,947.1,947.5,946.8,,6.9,5.9,8.2,6.5,6.1,5.3,93,85,93,228,2.6,1.2,
2024/06/27,1100 UTC,0,947.7,947.8,947,130.6,7.5,6,7.6,6.8,6.4,5.7,94,90,90,100,3.2,.1,
2024/06/27,1200 UTC,0,948,948,947.6,695.1,10.1,6.7,10.4,7.5,7.5,5.8,90,80,80,33,2.3,.4,
2024/06/27,1300 UTC,0,948.3,948.4,948,1356.5,11.7,5.7,11.9,9.5,7.6,5.6,84,66,67,32,2.5,.4,
2024/06/27,1400 UTC,0,947.7,948.4,947.7,1908.6,13.9,6.7,13.9,11.7,7.3,6,71,61,62,70,2.9,.4,
2024/06/27,1500 UTC,0,946.8,947.7,946.8,2249.8,15,8.5,15,13.6,9,6.1,69,59,65,30,4,1.8,
2024/06/27,1600 UTC,0,945.4,946.8,945.4,2351.4,16,8.5,16.1,14.6,9.3,8,68,60,61,26,4.3,1.7,
2024/06/27,1700 UTC,0,944.5,945.4,944.4,2226.9,17.2,9.3,17.5,15.9,9.5,8.4,63,57,59,22,4,2.5,
2024/06/27,1800 UTC,0,944.2,944.6,944.2,1847.8,17.9,9.4,18.4,17.2,10.4,9,61,56,57,37,4.5,1.9,
2024/06/27,1900 UTC,0,943.6,944.2,943.6,1303.7,18.3,9.4,18.6,17.9,10.4,9.2,60,56,56,19,4.8,2.6,
2024/06/27,2000 UTC,0,943.6,943.7,943.5,610.7,17.3,9.5,18.3,17.3,9.8,8.9,60,55,60,4,4.8,.5,
2024/06/27,2100 UTC,0,943.8,943.9,943.5,20.6,13,10.3,17.3,12.9,10.4,9.4,84,60,84,206,1.2,.9,
2024/06/27,2200 UTC,0,944.4,944.4,943.8,,11.3,10.1,13.1,11.3,10.6,10.1,92,83,92,169,1.8,1.1,
2024/06/27,2300 UTC,0,944.3,944.5,944.2,,11.5,10.4,11.6,11.1,10.6,10,94,92,93,322,3,.8,
2024/06/28,0000 UTC,0,944.3,944.5,944.2,,10.2,9.3,11.4,10.2,10.3,9.3,95,93,95,282,2.8,0,
2024/06/28,0100 UTC,0,943.9,944.3,943.9,,9.5,8.9,10.2,9.5,9.6,8.9,96,95,96,36,1.4,0,
2024/06/28,0200 UTC,0,944.2,944.2,943.8,,8.7,8.2,9.5,8.7,8.8,8.2,97,96,97,108,.9,0,
2024/06/28,0300 UTC,0,943.9,944.2,943.9,,9.3,8.9,9.4,8.7,8.9,8.2,97,97,97,35,1,0,
2024/06/28,0400 UTC,0,943.5,944,943.5,,8.7,8.3,9.4,8.7,8.9,8.2,97,97,97,295,1.6,.8,
2024/06/28,0500 UTC,0,943.4,943.7,943.4,,8.4,8,8.7,8.4,8.3,8,97,97,97,333,1.6,.3,
2024/06/28,0600 UTC,0,943.3,943.5,943.1,,8.4,8,8.5,8.2,8,7.8,97,97,97,250,1.6,.3,
2024/06/28,0700 UTC,0,942.7,943.3,942.7,,8.3,7.9,8.5,8.2,8.1,7.8,97,97,97,23,1.8,.9,
2024/06/28,0800 UTC,0,942.5,942.9,942.4,,8,7.6,8.3,8,7.9,7.6,97,97,97,26,1.8,.8,
2024/06/28,0900 UTC,.2,942.7,942.7,942.3,,7.5,7.1,8,7.3,7.6,7,98,97,98,326,2.4,.7,
2024/06/28,1000 UTC,0,943.3,943.3,942.6,,7.6,7.3,7.6,7.3,7.3,7,98,98,98,202,1.4,.4,
2024/06/28,1100 UTC,0,944.1,944.2,943.2,52.2,8.1,7.7,8.2,7.6,7.8,7.2,98,97,97,141,2.2,.8,
2024/06/28,1200 UTC,0,944.3,944.5,943.8,352.7,8.8,8.4,9,8.1,8.6,7.7,97,97,97,146,2,.8,
2024/06/28,1300 UTC,0,944.4,944.7,944.2,956.7,11.6,11.1,11.6,8.8,11.1,8.5,97,97,97,161,2.1,.8,
2024/06/28,1400 UTC,0,944,944.7,943.9,1443.8,14.6,12.3,14.6,11.3,13.8,10.9,97,86,86,326,2.7,1.3,
2024/06/28,1500 UTC,0,943.1,944,943,1031,15.9,12.5,17.5,14.6,14,12.2,87,77,80,315,5,1.8,
2024/06/28,1600 UTC,0,942.3,943.1,942.3,269.3,17.1,14.5,17.6,15.8,14.6,12.8,86,81,85,254,5,1,
2024/06/28,1700 UTC,0,941.6,942.3,941.4,330.8,20.8,15.6,20.8,17.1,15.7,14.4,85,71,72,173,4.1,1.3,
2024/06/28,1800 UTC,0,941.8,942,941.3,242.9,22.7,14.2,22.7,19.5,15.8,14.2,78,58,59,256,14.1,3.6,
2024/06/28,1900 UTC,0,941.9,942,941.7,718.2,23.1,13.7,23.3,22.4,14.6,13.2,62,54,56,255,14.1,1.9,
2024/06/28,2000 UTC,0,942.4,942.4,941.8,338.4,21.6,13.9,23.1,20.7,15,13.2,69,54,61,188,4.6,1.1,
2024/06/28,2100 UTC,0,943.1,943.1,942.4,12.9,18.6,14.6,21.7,18.6,14.7,13.4,78,60,78,172,3.4,1.2,
2024/06/28,2200 UTC,0,944.7,944.7,943.1,,18.1,13.9,19.9,18,14.7,13.9,78,72,76,165,6.6,2.9,
2024/06/28,2300 UTC,0,945.9,945.9,944.7,,17,12.6,18.1,17,13.9,12.6,77,75,76,195,8.6,3.3,
2024/06/29,0000 UTC,0,946.5,946.6,945.9,,16.3,11.7,17,16.3,12.6,11.7,78,74,74,185,7.9,2.3,
2024/06/29,0100 UTC,0,946.9,947,946.5,,15.1,12.2,16.3,15.1,12.2,11.7,83,74,83,152,4.9,1,
2024/06/29,0200 UTC,0,946.6,946.9,946.6,,15.2,11.4,15.2,14.7,12.2,11.4,83,78,78,80,2.8,.8,
2024/06/29,0300 UTC,0,946.8,946.8,946.4,,15.3,10.3,15.5,13.9,11.7,10.2,85,72,72,190,5.5,3.2,
2024/06/29,0400 UTC,0,946.6,946.8,946.4,,12.4,9.6,15.3,12.4,10.2,9.6,83,71,83,190,5.5,1.1,
2024/06/29,0500 UTC,0,946.8,946.9,946.6,,12.8,9,13.1,11.9,9.9,9,85,77,78,186,5,2.4,
2024/06/29,0600 UTC,0,946.5,946.9,946.5,,12.5,8.5,12.9,12.1,9.1,8.5,80,77,77,176,5.3,2.6,
2024/06/29,0700 UTC,0,946.9,946.9,946.4,,11.5,8.2,12.6,11.4,8.5,8.1,80,76,80,182,5.5,1.7,
2024/06/29,0800 UTC,0,947.1,947.3,946.8,,9.7,7.2,11.5,9.7,8.3,7.2,84,78,84,185,5.4,1.4,
2024/06/29,0900 UTC,0,947.7,947.7,946.9,,9,7.6,9.9,8.5,7.6,6.9,91,84,91,220,2.9,.8,
2024/06/29,1000 UTC,0,948.4,948.4,947.7,,8.2,7.1,9.1,8.1,7.6,6.8,93,90,93,301,1.9,.3,
2024/06/29,1100 UTC,0,949.2,949.2,948.4,110.4,11.1,7,11.1,7.9,7.9,6.9,94,76,76,199,4.1,1.7,
2024/06/29,1200 UTC,0,949.8,949.8,949.2,682.1,12.4,6.7,12.4,11,7.2,6.4,77,68,68,169,5.6,1.5,
2024/06/29,1300 UTC,0,950.2,950.2,949.7,1357.4,13,4.9,13.2,12.1,6.6,4.3,68,55,58,190,7.4,2.1,
2024/06/29,1400 UTC,0,950.2,950.4,950.1,1966,14.2,4,14.2,12.7,5.8,3,61,48,50,172,7.1,2.2,
2024/06/29,1500 UTC,0,949.8,950.2,949.7,2095.2,14.6,2,14.8,13.9,3.3,.6,50,40,42,160,6.7,2.7,
2024/06/29,1600 UTC,0,949.3,949.9,949.3,2258.4,14.9,0,15,14.4,2.7,-1.5,44,33,36,180,9.5,3.6,
2024/06/29,1700 UTC,0,949,949.3,948.8,2138.3,15.1,-3.5,15.8,14.8,.8,-3.7,39,26,27,199,9.9,5.1,
2024/06/29,1800 UTC,0,949.1,949.2,949,1730.9,14.9,-3.3,15.7,14.8,-1.2,-3.9,33,27,28,200,9.9,3.7,
2024/06/29,1900 UTC,0,949.2,949.2,949,1118.6,14.1,-2.2,15.3,14,-1.5,-4.5,34,27,32,195,10.6,2.7,
2024/06/29,2000 UTC,0,949.5,949.5,949.2,401.2,12.3,-.9,14.1,12.3,-.8,-3.8,41,29,40,172,8.3,2.2,
2024/06/29,2100 UTC,0,949.9,949.9,949.5,57.8,10.6,-.3,12.5,10.3,1.1,-2.6,53,35,47,172,5.2,1.2,
2024/06/29,2200 UTC,0,950.3,950.4,949.9,,9.9,-.4,10.6,9.1,1.8,-.4,59,46,48,182,5.3,2.6,
2024/06/29,2300 UTC,0,950.7,950.7,950.3,,9.1,-.5,10.1,9,-.1,-.9,52,46,51,173,6.3,2,
2024/06/30,0000 UTC,0,951.3,951.3,950.7,,8.5,.4,9.1,8.2,.7,-.4,59,51,57,147,5.1,1.9,
2024/06/30,0100 UTC,0,951.8,951.8,951.3,,7.7,1.2,8.5,7.7,1.4,.2,64,56,63,166,6.9,1.5,
2024/06/30,0200 UTC,0,952.1,952.1,951.7,,6.8,1.3,7.8,6.8,1.6,1,68,63,68,178,6,2.3,
2024/06/30,0300 UTC,0,952.6,952.7,952.1,,6.1,1,6.9,6.1,1.3,.9,70,67,70,183,4.9,1.9,
2024/06/30,0400 UTC,0,952.3,952.6,952.3,,5.3,.9,6.1,5.3,1.1,.8,73,69,73,193,4.6,1.6,
2024/06/30,0500 UTC,0,952.2,952.3,952.1,,4.9,.6,5.6,4.9,1,.5,74,71,74,189,5.8,1.3,
2024/06/30,0600 UTC,0,952,952.2,951.9,,4.6,-.3,5.1,4.5,.6,-.3,75,69,71,261,4.5,.5,
2024/06/30,0700 UTC,0,951.9,952,951.8,,3.7,0,4.6,3.4,.2,-.4,78,71,77,178,2.8,1.7,
2024/06/30,0800 UTC,0,951.9,951.9,951.8,,2.6,.2,3.8,2.6,.3,-.2,84,76,84,317,2.8,.3,
2024/06/30,0900 UTC,0,952,952,951.8,,1.5,.5,2.6,1.5,.6,.2,93,84,93,181,1,.3,
2024/06/30,1000 UTC,0,952.9,952.9,952,,1.2,.3,1.6,1.1,.6,.2,94,93,94,161,1.2,.1,
2024/06/30,1100 UTC,0,953.3,953.3,952.8,163.3,2.5,1,2.5,1,1,.1,95,90,90,185,2,.4,
2024/06/30,1200 UTC,0,953.8,953.8,953.3,694,4.5,-.5,4.5,2.5,1.1,-.7,90,69,70,116,2.4,1.2,
2024/06/30,1300 UTC,0,953.9,953.9,953.6,1401.7,5.9,-2.4,6.4,4.5,.2,-3,73,53,55,115,2.8,1.4,
2024/06/30,1400 UTC,0,953.7,953.9,953.7,1958.3,8.2,-2.4,8.4,6,-2,-4.1,56,45,47,135,3.3,1,
2024/06/30,1500 UTC,0,952.8,953.7,952.8,2296.8,9.2,-3,10.2,8,-.9,-3.5,48,41,42,138,3.1,1.3,
2024/06/30,1600 UTC,0,951.6,952.8,951.6,2402.1,12.2,-1.6,12.8,9.2,-.2,-2.9,43,34,38,110,2.8,.8,
2024/06/30,1700 UTC,0,950.8,951.6,950.8,2276.8,13.3,-2.2,13.8,12,-.4,-2.9,39,32,34,54,3.1,1,
2024/06/30,1800 UTC,0,950.5,950.8,950.4,1907.6,14.4,-2.6,14.9,13.1,.2,-2.8,38,30,31,167,5.8,1.5,
2024/06/30,1900 UTC,0,950.4,950.5,950.2,1354.3,14.6,-3.7,15.5,14.4,-.9,-4.5,33,27,28,137,3.5,1.8,
2024/06/30,2000 UTC,0,950.7,950.7,950.4,646.9,13.6,-1.8,15.3,13.6,-1,-4.6,36,26,35,108,3.3,.7,
2024/06/30,2100 UTC,0,950.8,950.8,950.7,27.3,8.9,2.8,13.6,8.9,2.8,-1.9,66,34,66,342,1.7,.3,
2024/06/30,2200 UTC,0,951.5,951.6,950.8,,6.8,4,8.9,6.5,4,2.4,83,64,83,233,1.7,1.2,
2024/06/30,2300 UTC,0,951.8,951.9,951.5,,5.4,3.8,7.7,5.2,4.4,3.5,90,78,89,246,2.2,.2,
2024/07/01,0000 UTC,0,952.3,952.3,951.8,,4.6,3.8,5.5,4.3,3.9,3.2,95,89,95,251,1.1,.5,
2024/07/01,0100 UTC,0,952.5,952.5,952.3,,3.6,3.1,4.6,3.5,3.7,2.8,96,94,96,258,1,0,
2024/07/01,0200 UTC,0,952.8,952.9,952.4,,3.2,2.8,3.7,3,3.3,2.5,97,96,97,341,2,.5,
2024/07/01,0300 UTC,0,952.7,952.8,952.6,,2.3,2,3.2,2.1,2.8,1.8,98,97,98,188,1.5,0,
2024/07/01,0400 UTC,0,952.5,952.8,952.5,,1.5,1.3,2.3,1.5,2,1.3,99,98,99,196,1,0,
2024/07/01,0500 UTC,0,952.4,952.6,952.4,,1.1,.9,1.5,1.1,1.3,.9,99,99,99,117,.2,0,
2024/07/01,0600 UTC,0,951.7,952.4,951.7,,.8,.7,1.1,.6,1,.5,99,99,99,124,.8,0,
2024/07/01,0700 UTC,0,951.6,951.9,951.6,,.2,.2,.8,.1,.7,.1,100,99,100,104,.7,0,
2024/07/01,0800 UTC,0,951.3,951.6,951.3,,-.3,-.4,.2,,.1,-.4,100,100,100,2,.3,0,
2024/07/01,0900 UTC,0,952.3,952.3,951.3,,-.4,-.5,-.3,,-.3,-.6,100,100,100,6,.8,.2,
2024/07/01,1000 UTC,0,952.9,952.9,952.3,,-.5,-.5,-.3,,-.3,-.6,100,100,100,346,.8,0,
2024/07/01,1100 UTC,0,953.6,953.6,952.9,79.3,-.4,-.4,-.4,,-.4,-.8,100,100,100,19,0,0,
2024/07/01,1200 UTC,.2,954,954,953.6,679.6,1.8,1.7,1.8,,1.7,-.4,100,99,99,122,1.2,0,
2024/07/01,1300 UTC,0,954,954.2,953.9,1402.7,6.9,4.4,7,1.8,6.2,1.7,99,84,84,15,1.7,.9,
2024/07/01,1400 UTC,0,953.8,954.1,953.8,1937.3,11,4,11,6.9,5,3.1,85,61,62,63,2.2,.4,
2024/07/01,1500 UTC,0,952.9,953.8,952.9,2296.5,13.1,4.2,13.6,11,4.6,2.3,62,51,55,15,2.8,1.6,
2024/07/01,1600 UTC,0,951.8,952.9,951.8,2415,15.5,5.5,15.8,13.2,6.5,4.4,57,48,51,353,3.5,1.2,
2024/07/01,1700 UTC,0,950.9,951.8,950.9,2281.6,17.3,1.6,17.7,15.5,6.3,.4,52,32,35,342,3.5,1.6,
2024/07/01,1800 UTC,0,950.6,950.9,950.5,1901.5,18.4,2.8,18.8,17.3,3.5,1.1,39,31,35,336,2.9,1.3,
2024/07/01,1900 UTC,0,950.7,950.7,950.5,1337.9,18.7,5.1,19.1,18,6.4,1.8,44,33,41,199,2.8,.9,
2024/07/01,2000 UTC,0,951.1,951.1,950.7,629.2,16.2,6.5,18.8,16.2,8.2,4.6,54,41,53,187,1.7,.4,
2024/07/01,2100 UTC,0,951.5,951.5,951.1,30.5,11.8,7.1,16.2,11.8,7.7,5.9,73,53,73,137,1.3,0,
2024/07/01,2200 UTC,0,952.1,952.1,951.5,,9.5,7.4,11.8,9.5,7.7,7.1,87,73,87,191,.9,0,
2024/07/01,2300 UTC,0,952.8,952.8,952.1,,8,6.9,9.5,7.9,8.1,6.7,93,87,93,138,.9,0,
2024/07/02,0000 UTC,0,953.1,953.2,952.8,,7,6.2,8,7,7.1,6.2,95,93,95,12,.6,0,
2024/07/02,0100 UTC,0,953.1,953.2,952.9,,5.8,5.3,7.3,5.8,6.6,5.3,96,95,96,14,1.8,.6,
2024/07/02,0200 UTC,0,953,953.1,953,,5.5,5.1,6,5.4,5.5,5,97,96,97,96,1.8,0,
2024/07/02,0300 UTC,0,953,953.1,952.9,,4.7,4.4,5.7,4.7,5.3,4.4,98,97,98,42,.7,0,
2024/07/02,0400 UTC,0,952.8,953,952.8,,4.2,3.9,4.8,4.1,4.5,3.9,98,98,98,199,.5,0,
2024/07/02,0500 UTC,0,952.5,952.8,952.5,,3.8,3.6,4.3,3.8,4.1,3.6,99,98,99,271,.6,0,
2024/07/02,0600 UTC,0,952.2,952.5,952.2,,3.6,3.4,3.8,3.5,3.6,3.3,99,99,99,17,.8,0,
2024/07/02,0700 UTC,0,951.9,952.2,951.9,,3.5,3.4,3.7,3.5,3.5,3.4,99,99,99,261,.7,0,
2024/07/02,0800 UTC,.2,951.7,951.9,951.7,,3.6,3.4,3.7,3.5,3.5,3.3,99,99,99,297,1,.1,
2024/07/02,0900 UTC,0,952.1,952.1,951.7,,3.6,3.4,3.8,3.5,3.6,3.3,99,99,99,173,1.1,0,
2024/07/02,1000 UTC,0,952.4,952.4,952.1,,3,2.9,3.6,3,3.5,2.9,99,99,99,21,.7,0,
2024/07/02,1100 UTC,0,953,953.1,952.4,74.5,3.2,3.1,3.3,3,3.1,2.9,99,99,99,29,1.1,.2,
2024/07/02,1200 UTC,0,953.6,953.6,953,419,4.5,4.3,4.5,3.2,4.3,3.1,99,99,99,23,1.3,.5,
2024/07/02,1300 UTC,0,953.9,953.9,953.6,1123,7.8,7.4,7.8,4.5,7.4,4.4,99,97,97,18,1.7,.4,
2024/07/02,1400 UTC,0,953.3,953.9,953.3,1885.6,13.1,9,13.2,7.8,11.2,7.4,98,76,76,43,1.9,.6,
2024/07/02,1500 UTC,0,952.3,953.3,952.3,2229.8,15.9,8.3,16.3,13.1,9.1,8,76,60,61,17,3.2,1.8,
2024/07/02,1600 UTC,0,950.8,952.3,950.8,2358.9,18.1,9.7,18.2,15.7,10,8.1,63,56,58,342,3.8,1.8,
2024/07/02,1700 UTC,0,949.6,950.8,949.6,2238,20.3,10.2,20.3,17.8,10.8,9.4,60,52,52,354,4.7,3,
2024/07/02,1800 UTC,0,948.8,949.6,948.8,1841.3,21.4,9.9,22.3,20.1,10.8,9.2,54,44,48,102,5,1.3,
2024/07/02,1900 UTC,0,948.5,948.8,948.4,1305.5,19.7,10.9,21.3,19.7,11.8,9.8,59,48,57,172,3.7,1,
2024/07/02,2000 UTC,0,948.7,948.7,948.5,625.3,18,11.4,20.4,18,12.1,10.5,65,54,65,190,2.5,.6,
2024/07/02,2100 UTC,0,949,949.1,948.7,34.4,13.8,10.6,18,13.8,11.5,10.6,82,65,81,106,1.5,.4,
2024/07/02,2200 UTC,0,949.4,949.4,949,,11.5,9.4,13.9,11.5,10.6,9.3,87,80,87,295,1.6,.1,
2024/07/02,2300 UTC,0,949.8,949.9,949.4,,10.4,9.4,11.5,10.4,10.1,9.2,94,87,93,169,.9,0,
2024/07/03,0000 UTC,0,950,950,949.7,,9.8,9.1,10.4,9.4,9.3,8.6,95,93,95,271,0,0,
2024/07/03,0100 UTC,0,949.5,950,949.4,,8.8,8.1,10,8.7,9.3,8,96,95,96,13,1.4,.6,
2024/07/03,0200 UTC,0,949.6,949.6,949.4,,8,7.5,8.8,8,8.1,7.4,96,96,96,148,1.2,0,
2024/07/03,0300 UTC,0,949.3,949.6,949.2,,7.3,6.9,8.2,7.3,7.7,6.9,97,96,97,36,.3,0,
2024/07/03,0400 UTC,0,949,949.3,949,,6.9,6.5,7.6,6.8,7.2,6.4,98,97,98,305,0,0,
2024/07/03,0500 UTC,.2,948.5,949,948.4,,6.8,6.4,7.1,6.5,6.7,6.2,98,97,98,7,1.9,.6,
2024/07/03,0600 UTC,0,948.5,948.6,948.3,,6.9,6.6,7,6.7,6.6,6.3,98,98,98,345,1.3,.2,
2024/07/03,0700 UTC,0,948.2,948.6,948.1,,6.8,6.5,7.1,6.7,6.8,6.4,98,98,98,349,1.6,.2,
2024/07/03,0800 UTC,0,947.9,948.3,947.9,,6.4,6.1,6.8,6.4,6.5,6.1,98,98,98,248,1.8,0,
2024/07/03,0900 UTC,0,948,948,947.8,,6.2,5.9,6.4,6.2,6.1,5.9,98,98,98,131,0,0,
2024/07/03,1000 UTC,0,948.2,948.2,947.9,,6.1,5.8,6.3,6,6,5.7,98,98,98,77,0,0,
2024/07/03,1100 UTC,0,948.5,948.7,948.2,85.8,6.9,6.6,6.9,6,6.6,5.7,98,98,98,340,0,0,
2024/07/03,1200 UTC,0,948.6,948.6,948.5,596.7,10.8,10.4,10.9,6.9,10.5,6.7,98,97,97,40,1.1,.4,
2024/07/03,1300 UTC,0,948.1,948.7,947.9,1256.1,16.6,12.3,16.6,10.9,12.5,10.6,97,75,76,23,4.9,2.3,
2024/07/03,1400 UTC,0,947.5,948.1,947.5,1799.6,18.6,12.6,19.9,16.6,13.5,11.8,76,65,68,104,5.5,1.8,
2024/07/03,1500 UTC,0,946.6,947.5,946.6,2105.3,20.4,13.3,20.9,18.6,13.9,12.7,70,62,64,163,4,1.5,
2024/07/03,1600 UTC,0,945.2,946.6,945.2,2223.5,26.3,12.9,26.3,20.2,14.7,12.4,66,42,43,196,3.3,1.3,
2024/07/03,1700 UTC,0,944.6,945.2,944.5,2117.8,27.5,9.3,28,26.2,12.9,9.1,43,31,32,228,9.4,4.3,
2024/07/03,1800 UTC,0,944.3,944.5,944.2,1526.2,26.7,9.4,27.8,26.7,10.8,9,35,31,34,207,10.2,4.2,
2024/07/03,1900 UTC,0,944.3,944.3,944.1,802.4,26.9,9.3,26.9,26.1,10.1,8.6,36,32,33,224,10.2,2.4,
2024/07/03,2000 UTC,0,944.6,944.7,944.3,491.5,24.1,11.7,27.1,24.1,12.8,8.7,49,32,46,232,7.3,1.1,
2024/07/03,2100 UTC,0,945.3,945.3,944.6,91.9,19.8,12.8,24.9,19.8,12.8,9.6,64,38,64,198,4.5,0,
2024/07/03,2200 UTC,0,945.8,945.8,945.3,,16.7,13.1,19.8,16.7,13.4,12.4,80,64,80,61,0,0,
2024/07/03,2300 UTC,0,946.2,946.2,945.7,,14.8,12.9,16.7,14.8,13.6,12.8,89,80,89,71,0,0,
2024/07/04,0000 UTC,0,946.3,946.4,946.1,,13.1,12,15.5,13.1,13.9,11.9,93,88,93,17,0,0,
2024/07/04,0100 UTC,0,946.8,946.8,946.3,,12.8,12,13.3,12.4,12.4,11.4,95,93,95,354,1.6,.3,
2024/07/04,0200 UTC,0,946.7,946.8,946.6,,12.3,11.6,12.9,11.9,12.1,11.1,96,94,96,360,1.5,.3,
2024/07/04,0300 UTC,0,947,947.1,946.6,,11.8,11.2,12.5,11.5,11.8,10.9,96,95,96,353,1.3,.3,
2024/07/04,0400 UTC,0,946.2,947,946.2,,11.6,11,12.1,11.4,11.5,10.8,96,96,96,349,1.4,.8,
2024/07/04,0500 UTC,0,946.4,946.5,946.1,,10.9,10.3,11.5,10.9,11,10.3,96,96,96,311,1.4,0,
2024/07/04,0600 UTC,0,945.9,946.4,945.9,,10.6,10.1,10.9,10.5,10.3,9.9,97,96,97,174,1.1,0,
2024/07/04,0700 UTC,0,945.9,946,945.8,,10.4,10,10.7,10.4,10.2,10,97,97,97,4,.8,.2,
2024/07/04,0800 UTC,0,946,946,945.8,,10.2,9.7,10.5,10.2,10,9.7,97,97,97,37,1.4,.5,
2024/07/04,0900 UTC,0,946.1,946.2,945.9,,10.5,10,10.6,10.2,10.1,9.7,97,97,97,100,1.3,0,
2024/07/04,1000 UTC,0,946.9,946.9,946.1,,10.9,10.4,11,10.5,10.5,10,97,97,97,135,1.3,.6,
2024/07/04,1100 UTC,0,947.5,947.6,946.9,39,11.7,11.2,11.7,10.9,11.3,10.4,97,97,97,46,1.7,0,
2024/07/04,1200 UTC,.2,948,948,947.4,192.2,12.8,12.4,12.9,11.7,12.4,11.2,97,97,97,45,1.3,0,
2024/07/04,1300 UTC,0,948.8,948.9,948,472.3,14.4,13.9,14.4,12.8,13.9,12.4,97,97,97,97,1.5,.1,
2024/07/04,1400 UTC,0,948.6,948.8,948.6,530.6,15.6,14,15.6,14.4,14.7,14,97,90,90,360,1.1,.4,
2024/07/04,1500 UTC,0,947.7,948.6,947.7,716.9,16.3,14,16.3,15.6,14.3,13.7,90,86,86,249,1.7,.7,
2024/07/04,1600 UTC,0,946.7,947.7,946.7,1594.8,18.2,14.6,18.2,16.3,14.7,13.6,86,79,79,174,2.7,1.3,
2024/07/04,1700 UTC,0,945.6,946.7,945.6,1871.4,19.1,14.6,19.6,18.2,15.3,13.9,79,72,75,191,5.2,1.9,
2024/07/04,1800 UTC,0,945.2,945.6,945.1,1423.4,17.9,14.7,19.9,17.6,15.3,14.1,82,72,81,174,5.1,2.6,
2024/07/04,1900 UTC,0,945.3,945.3,945.1,1144.9,17.8,14.4,18.8,17.8,15,14.3,81,77,81,176,5.1,2.5,
2024/07/04,2000 UTC,0,945.4,945.4,945.3,538.6,17,14.2,17.8,17,14.6,14.2,84,81,84,189,4.6,1.2,
2024/07/04,2100 UTC,0,945.9,945.9,945.4,53.5,15.2,13.8,17,15.2,14.3,13.8,92,84,92,197,3.4,1.3,
2024/07/04,2200 UTC,0,946.8,946.8,945.9,,14.5,13.6,15.2,14.5,13.8,13.5,94,92,94,182,3.5,1.6,
2024/07/04,2300 UTC,0,947.4,947.4,946.8,,14.8,14.1,14.9,14.5,14.1,13.7,95,94,95,196,3.5,.5,
2024/07/05,0000 UTC,0,947.9,947.9,947.4,,14.7,14,14.9,14.7,14.2,14,95,95,95,176,2.3,1.1,
2024/07/05,0100 UTC,0,948.4,948.4,947.9,,14.6,14,14.7,14.5,14,13.9,96,95,96,88,2.4,0,
2024/07/05,0200 UTC,0,948.7,948.7,948.4,,14.9,14.3,14.9,14.6,14.3,14,96,96,96,177,1.4,.1,
2024/07/05,0300 UTC,0,948.6,948.7,948.6,,14.9,14.1,15,14.8,14.3,14.1,96,95,95,282,1,.2,
2024/07/05,0400 UTC,0,948.6,948.7,948.6,,14.6,13.9,14.9,14.6,14.1,13.9,96,95,96,140,1.5,.3,
2024/07/05,0500 UTC,0,948.6,948.7,948.5,,14.3,13.7,14.7,14.3,14,13.7,96,96,96,226,1.4,.2,
2024/07/05,0600 UTC,0,948.3,948.6,948.3,,14.4,13.6,14.6,14.3,13.9,13.6,96,95,95,118,.8,0,
2024/07/05,0700 UTC,0,948.1,948.4,948.1,,14.3,13.6,14.4,14.3,13.7,13.6,96,95,95,210,1.1,0,
2024/07/05,0800 UTC,0,948,948.1,948,,14.1,13.5,14.4,14.1,13.7,13.5,96,95,96,28,0,0,
2024/07/05,0900 UTC,0,948.4,948.5,948,,14.1,13.6,14.1,14.1,13.6,13.5,97,96,97,252,0,0,
2024/07/05,1000 UTC,0,948.9,948.9,948.4,,14,13.5,14.1,14,13.6,13.5,97,97,97,337,1.6,.1,
2024/07/05,1100 UTC,0,949.5,949.5,948.9,17,14.1,13.6,14.1,14,13.6,13.5,97,97,97,28,1.4,.6,
2024/07/05,1200 UTC,0,949.8,949.8,949.4,103.2,14.5,13.7,14.5,14.1,13.8,13.6,97,95,95,71,1.9,0,
2024/07/05,1300 UTC,0,949.4,950,949.3,250.5,14.9,13.6,15,14.3,13.9,13.4,95,92,92,324,3.1,1.5,
2024/07/05,1400 UTC,0,949.6,949.6,949.2,1139.9,16.6,13.4,17.3,14.9,14.4,13.4,92,81,81,182,4.4,1,
2024/07/05,1500 UTC,0,949.2,949.6,949.2,1622.8,18,14.1,18.1,16.4,14.5,13.5,85,78,78,199,4.7,2.4,
2024/07/05,1600 UTC,0,947.8,949.2,947.8,2175.6,19,14,19.3,17.1,14.7,13.4,81,73,73,211,5.4,.9,
2024/07/05,1700 UTC,0,946.8,947.8,946.8,1941.7,19.9,15.4,20.1,18.9,15.4,14.1,76,71,75,147,4.3,1.8,
2024/07/05,1800 UTC,0,947,947.1,946.8,1680.4,19,14.7,20.1,18.8,15.4,14.4,76,71,76,179,5.4,2.8,
2024/07/05,1900 UTC,0,947.3,947.3,946.9,1102.5,18,14.6,19.2,18,15.1,14.3,80,75,80,183,6.1,2.6,
2024/07/05,2000 UTC,0,947.9,947.9,947.3,240.9,17,14.5,18,17,14.8,14.5,86,80,86,210,5.5,1.1,
2024/07/05,2100 UTC,0,948.9,949.1,947.9,27.5,16.6,14.3,17,16.3,14.7,14.3,88,85,86,142,5.7,2.1,
2024/07/05,2200 UTC,0,949.7,949.7,948.8,,16.2,14.3,16.7,16.2,14.5,14.3,89,86,89,204,4,1.5,
2024/07/05,2300 UTC,0,950.6,950.6,949.7,,16,14.4,16.3,15.9,14.5,14.3,91,89,90,143,3,.4,
2024/07/06,0000 UTC,0,951.1,951.1,950.5,,16.1,14.4,16.3,15.8,14.6,14.3,91,89,90,201,2.5,0,
2024/07/06,0100 UTC,0,951.2,951.3,950.9,,16,14.5,16.1,15.9,14.6,14.4,91,90,91,219,1.8,1.2,
2024/07/06,0200 UTC,0,951.8,951.8,951.2,,15.7,14.4,16,15.7,14.5,14.3,92,91,92,189,2.6,1.1,
2024/07/06,0300 UTC,0,952.4,952.4,951.8,,15.4,12.6,15.8,15.4,14.4,12.6,92,83,83,151,5.9,2.4,
2024/07/06,0400 UTC,0,952.8,952.9,952.4,,13.1,12.1,15.4,13.1,12.6,12,93,83,93,121,5.9,.9,
2024/07/06,0500 UTC,0,952.2,952.8,952.2,,13.1,12.2,13.2,13,12.2,12.1,94,93,94,219,2.2,0,
2024/07/06,0600 UTC,0,952.6,952.6,952,,12.3,11.4,13.2,12.2,12.3,11.2,95,92,95,175,4.5,2,
2024/07/06,0700 UTC,.2,953.2,953.2,952.6,,11.5,10.8,12.3,11.5,11.5,10.8,95,94,95,183,4.2,1.5,
2024/07/06,0800 UTC,.6,952.6,953.2,952.6,,11.5,10.7,11.6,11.4,10.8,10.6,95,95,95,139,3.7,0,
2024/07/06,0900 UTC,.6,952.4,952.9,952.4,,11.7,10.9,11.7,11.5,11,10.7,96,95,95,349,1.2,.3,
2024/07/06,1000 UTC,.4,952.8,952.8,952.2,,11.7,10.9,11.8,11.7,10.9,10.7,95,94,95,32,2.2,1.1,
2024/07/06,1100 UTC,0,953.3,953.3,952.8,8.5,11.6,10.9,11.8,11.6,10.9,10.7,96,94,96,214,1.7,0,
2024/07/06,1200 UTC,0,953.7,953.7,953.3,63.4,11.8,11.1,11.8,11.6,11.2,10.9,96,96,96,171,1.2,.2,
2024/07/06,1300 UTC,0,954.1,954.1,953.7,95,11.8,11.1,11.9,11.7,11.2,11.1,96,95,95,154,1.3,.2,
2024/07/06,1400 UTC,0,954.1,954.3,954,152,12.4,10.9,12.5,11.8,11.4,10.9,95,91,91,19,2.9,1.5,
2024/07/06,1500 UTC,0,953.4,954.1,953.3,177.4,12.5,10.3,12.7,12.4,11,10.1,91,86,87,21,4.3,2.7,
2024/07/06,1600 UTC,2.2,953.2,954.2,953.2,118.4,11.6,10.2,12.5,11.6,10.6,10,93,86,91,32,4.3,1.3,
2024/07/06,1700 UTC,.4,952.9,953.3,952.8,213.8,11.4,9.8,11.7,11.4,10.2,9.7,91,89,90,18,4.7,2,
2024/07/06,1800 UTC,0,952.5,952.9,952.4,165.8,10.8,9.4,11.4,10.7,9.7,9.3,92,89,91,29,5.6,1.8,
2024/07/06,1900 UTC,0,952.9,952.9,952.5,61.4,10.4,9.1,10.8,10.4,9.4,8.9,92,90,92,7,3.6,1,
2024/07/06,2000 UTC,.4,953,953.2,952.6,20.1,10.1,9,10.4,10.1,9.2,8.9,93,92,93,349,3.4,.6,
2024/07/06,2100 UTC,.2,952.7,953,952.5,3.6,10.2,9.1,10.2,10,9.2,9,94,93,93,15,2,.9,
2024/07/06,2200 UTC,.4,952.9,952.9,952.6,,10.1,9,10.2,10,9.2,9,94,93,93,327,2.8,.4,
2024/07/06,2300 UTC,0,952.7,952.9,952.7,,9.9,9.1,10.1,9.9,9.2,8.9,95,93,95,220,1.4,0,
2024/07/07,0000 UTC,.2,953.1,953.2,952.7,,9.9,9.2,10.1,9.9,9.4,9.1,96,95,96,169,2.2,1.2,
2024/07/07,0100 UTC,1.8,953.6,953.6,952.9,,9.7,9.2,9.9,9.7,9.2,9.1,96,95,96,203,2.2,.5,
2024/07/07,0200 UTC,5.2,953.9,953.9,953.5,,9.3,8.8,9.8,9.2,9.2,8.6,96,96,96,221,3.5,.9,
2024/07/07,0300 UTC,1.2,953.4,953.9,953.1,,9.6,8.7,9.6,9.3,9,8.6,96,94,94,13,2.5,.6,
2024/07/07,0400 UTC,2.2,953.1,953.4,952.4,,9.4,8.6,9.7,9.4,8.8,8.6,95,94,95,202,2.9,1.4,
2024/07/07,0500 UTC,2.2,952.7,953.2,952.6,,9.2,8.7,9.4,9.2,8.7,8.6,96,95,96,193,2.9,.4,
2024/07/07,0600 UTC,1,952.3,952.7,952.3,,9.2,8.6,9.3,9.2,8.8,8.6,96,96,96,202,2,.5,
2024/07/07,0700 UTC,0,951.7,952.3,951.4,,9.3,8.7,9.3,9.2,8.8,8.6,96,96,96,206,1.1,0,
2024/07/07,0800 UTC,1.2,951.2,952,951.1,,9.2,8.7,9.3,9.1,8.7,8.6,96,96,96,219,2.6,.7,
2024/07/07,0900 UTC,1.2,950.9,951.2,950.5,,9.1,8.5,9.2,9,8.7,8.4,97,96,96,191,2,.6,
2024/07/07,1000 UTC,1.2,950.7,951.1,950.6,,9,8.5,9.1,9,8.5,8.4,96,96,96,131,1.9,.4,
2024/07/07,1100 UTC,.4,951,951.3,950.7,9,9.1,8.5,9.1,9,8.6,8.4,96,96,96,170,2.1,.8,
2024/07/07,1200 UTC,2.2,951.9,951.9,950.9,50.9,9.1,8.5,9.3,9,8.7,8.5,97,96,96,210,2.7,1,
2024/07/07,1300 UTC,2,951.7,952,951.5,119.2,9.4,8.8,9.4,9,8.8,8.5,96,96,96,213,2.2,.6,
2024/07/07,1400 UTC,2.6,952.5,952.5,951.7,92.2,9.3,8.7,9.4,9.2,8.8,8.6,96,96,96,190,3.7,1.9,
2024/07/07,1500 UTC,5.2,951.7,952.5,951.6,168.1,9.8,9.2,9.9,9.3,9.3,8.7,96,96,96,185,4.9,.8,
2024/07/07,1600 UTC,3.8,951.2,951.7,950.8,184.9,9.9,9.2,9.9,9.7,9.3,9.1,96,96,96,182,2.7,1.1,
2024/07/07,1700 UTC,3,949.9,951.2,949.8,173.6,10.3,9.6,10.3,9.9,9.7,9.2,96,96,96,290,3.3,.8,
2024/07/07,1800 UTC,2.6,949.3,950.2,949.3,147.1,10.3,9.6,10.4,10.1,9.7,9.4,96,95,96,32,2.8,1.1,
2024/07/07,1900 UTC,1.6,949.5,949.6,949.3,102.9,10.4,9.7,10.6,10.3,9.9,9.6,96,95,95,234,1.7,.2,
2024/07/07,2000 UTC,2,949.7,950,949.3,50.3,10.5,9.9,10.5,10.4,9.9,9.7,96,95,96,335,2.4,0,
2024/07/07,2100 UTC,1.6,950.5,950.6,949.7,8,10.5,9.9,10.5,10.5,9.9,9.8,96,96,96,318,1,.2,
2024/07/07,2200 UTC,3.6,950.8,950.8,950.2,,10.5,10,10.6,10.4,10,9.8,96,96,96,349,1.3,.4,
2024/07/07,2300 UTC,5.8,950.5,951.1,950.4,,10.4,9.9,10.5,10.4,10,9.9,97,96,97,116,1.7,.5,
2024/07/08,0000 UTC,3.6,950.4,950.5,949.5,,10.5,10,10.8,10.4,10.3,9.9,97,96,96,238,4.5,1.7,
2024/07/08,0100 UTC,2.2,950.3,951.2,949.9,,10.5,10,10.6,10.5,10.1,9.9,97,96,97,24,3.4,1,
2024/07/08,0200 UTC,.2,950.1,950.6,949.8,,10.5,10,10.6,10.5,10.1,9.9,97,96,97,24,2.5,0,
2024/07/08,0300 UTC,.2,950.2,950.5,950.1,,10.6,10.1,10.6,10.5,10.1,10,97,97,97,55,.9,0,
2024/07/08,0400 UTC,0,950.2,950.6,950.2,,10.7,10.2,10.7,10.6,10.2,10.1,97,97,97,157,2,0,
2024/07/08,0500 UTC,0,950,950.2,949.8,.4,10.7,10.2,10.7,10.6,10.2,10.1,97,97,97,199,1.4,.1,
2024/07/08,0600 UTC,0,950,950.2,949.9,,10.7,10.2,10.8,10.6,10.3,10.2,97,97,97,191,.9,.1,
2024/07/08,0700 UTC,0,949.9,950,949.8,.3,10.7,10.2,10.8,10.7,10.3,10.2,97,97,97,240,1.4,0,
2024/07/08,0800 UTC,.6,949.7,949.9,949.6,.1,10.8,10.4,10.8,10.7,10.4,10.3,97,97,97,138,1.2,.4,
2024/07/08,0900 UTC,.2,950,950,949.7,0,10.9,10.5,10.9,10.8,10.5,10.4,97,97,97,208,2,.7,
2024/07/08,1000 UTC,0,950.5,950.5,950,,11,10.5,11,10.9,10.6,10.5,97,97,97,205,1.8,0,
2024/07/08,1100 UTC,0,950.6,950.6,950.4,24.4,11.1,10.7,11.1,11,10.7,10.5,97,97,97,211,.7,0,
2024/07/08,1200 UTC,0,951.2,951.2,950.5,159.3,11.4,10.9,11.4,11.1,10.9,10.7,97,97,97,214,1.4,.6,
2024/07/08,1300 UTC,0,951.8,951.8,951.2,190.8,11.6,10.8,11.7,11.4,10.9,10.6,97,95,95,194,2.2,.5,
2024/07/08,1400 UTC,0,952,952.1,951.8,333.2,12.1,11,12.1,11.6,11,10.8,95,93,93,198,1.6,.3,
2024/07/08,1500 UTC,0,951.5,952,951.5,725.5,13.5,10.9,13.6,12.1,11.6,10.6,93,84,84,190,1.6,.4,
2024/07/08,1600 UTC,0,950.7,951.5,950.7,584.8,13.4,11,13.4,13.1,11.1,10.5,87,84,85,162,1.6,.4,
2024/07/08,1700 UTC,0,950,950.7,950,481,13.6,11.6,13.7,13,11.6,10.8,89,84,88,187,2.2,.7,
2024/07/08,1800 UTC,0,950,950,949.9,468.9,13.4,11.1,13.6,13.3,11.5,10.8,88,84,86,197,2.2,1.2,
2024/07/08,1900 UTC,0,950,950,949.9,247.6,13.2,11,13.5,13.2,11.3,10.9,88,85,87,161,2.8,1.4,
2024/07/08,2000 UTC,0,950.4,950.5,950,178.4,12.7,10.8,13.2,12.7,11.1,10.7,88,86,88,181,2.9,1.2,
2024/07/08,2100 UTC,0,950.7,950.8,950.4,14.8,12.3,10.6,12.7,12.3,10.7,10.5,89,87,89,222,3.2,1,
2024/07/08,2200 UTC,0,950.6,950.7,950.5,,11.7,10.9,12.3,11.7,10.9,10.5,94,89,94,177,2.5,.5,
2024/07/08,2300 UTC,0,950.9,950.9,950.6,,11.7,11,11.9,11.7,11,10.9,95,94,95,265,1.3,.4,
2024/07/09,0000 UTC,.2,951.2,951.2,950.8,,11.7,11,11.8,11.7,11.1,11,96,95,96,267,1.1,.2,
2024/07/09,0100 UTC,0,951.4,951.5,951.1,,11.7,11,11.8,11.7,11.1,11,96,95,95,307,1.3,.4,
2024/07/09,0200 UTC,0,951.8,951.9,951.4,,11.6,10.6,11.8,11.6,11,10.6,95,93,94,271,2.6,.8,
2024/07/09,0300 UTC,.2,952,952,951.8,,11.4,10.6,11.6,11.4,10.7,10.6,95,94,95,179,1.6,.4,
2024/07/09,0400 UTC,.2,951.6,952,951.5,,11,10.1,11.4,11,10.7,10.1,95,94,94,331,2,1.2,
2024/07/09,0500 UTC,0,951.3,951.6,951.3,,10.9,9.9,11,10.8,10.1,9.8,94,93,94,348,2,.5,
2024/07/09,0600 UTC,.2,950.8,951.3,950.8,,10.8,10.1,10.9,10.7,10.1,9.9,96,94,96,160,1.1,0,
2024/07/09,0700 UTC,0,950.3,950.8,950.3,,10.3,9.4,10.9,10.3,10.2,9.4,96,94,94,356,2.3,.8,
2024/07/09,0800 UTC,0,950.3,950.5,950.3,,10.3,9.5,10.4,10.2,9.6,9.4,95,94,94,248,1.4,.2,
2024/07/09,0900 UTC,0,950.4,950.5,950.3,,9.7,9.1,10.3,9.7,9.6,9.1,96,94,96,211,1.9,.2,
2024/07/09,1000 UTC,0,950.4,950.6,950.3,,9.4,8.7,9.7,9.4,9.1,8.7,96,95,95,194,1.9,.1,
2024/07/09,1100 UTC,.4,950.8,950.8,950.4,29.7,9.6,8.7,9.6,9.4,8.8,8.6,95,94,94,184,2.6,.8,
2024/07/09,1200 UTC,0,951.3,951.3,950.8,124.5,9.6,8.9,9.6,9.4,8.9,8.6,95,94,95,186,2.7,1.1,
2024/07/09,1300 UTC,0,951.8,951.8,951.3,322.8,10,9.2,10,9.5,9.3,8.8,95,95,95,184,3.3,1.2,
2024/07/09,1400 UTC,0,952.1,952.1,951.8,310.4,9.9,9.1,10.1,9.9,9.3,9,95,94,94,214,3.3,1,
2024/07/09,1500 UTC,0,951.3,952.1,951.3,431.8,10.1,9.2,10.4,9.9,9.5,9,95,94,94,176,2.4,1.2,
2024/07/09,1600 UTC,.2,950.3,951.3,950.3,316.6,10.1,9.3,10.3,10.1,9.5,9.2,95,94,95,211,2.9,1.7,
2024/07/09,1700 UTC,.4,948.8,950.3,948.8,265.6,10.2,9.5,10.4,9.9,9.7,9.2,96,95,95,216,2.9,1.3,
2024/07/09,1800 UTC,2.2,948.3,948.8,948.2,186.3,10.1,9.5,10.3,10,9.5,9.3,96,95,96,175,3,1.1,
2024/07/09,1900 UTC,3,948.7,948.8,948.2,84.5,9.9,9.3,10.2,9.9,9.6,9.3,96,96,96,182,3.2,1.3,
2024/07/09,2000 UTC,4.4,948.8,949.1,948.7,34.4,9.9,9.3,10,9.8,9.4,9.3,96,96,96,181,2.9,1,
2024/07/09,2100 UTC,2.6,949.2,949.2,948.7,9.2,9.8,9.3,9.9,9.8,9.4,9.2,97,96,96,224,2.3,.8,
2024/07/09,2200 UTC,1.4,948.9,949.3,948.9,,9.8,9.3,9.9,9.8,9.4,9.2,96,96,96,178,1.8,0,
2024/07/09,2300 UTC,.8,948.8,949,948.7,,9.6,9.1,9.8,9.6,9.3,9.1,97,96,97,199,2.1,.8,
2024/07/10,0000 UTC,1.6,948.8,948.8,948.6,,9.4,8.8,9.6,9.4,9.1,8.8,97,97,97,189,2.9,1.6,
2024/07/10,0100 UTC,1.4,948.9,948.9,948.6,,9.3,8.8,9.4,9.3,8.9,8.8,97,97,97,188,3.7,1.2,
2024/07/10,0200 UTC,1.4,949.2,949.3,948.9,,9.4,8.9,9.4,9.3,8.9,8.8,97,97,97,185,3,1.2,
2024/07/10,0300 UTC,.8,949.2,949.3,949.1,,9.3,8.8,9.4,9.3,8.9,8.7,97,96,96,191,3,.5,
2024/07/10,0400 UTC,1,948.3,949.2,948.3,,9.2,8.7,9.3,9.2,8.8,8.6,96,96,96,178,2.1,.3,
2024/07/10,0500 UTC,.2,948,948.3,947.4,,9.3,8.8,9.3,9.2,8.8,8.6,97,96,97,250,1.8,1,
2024/07/10,0600 UTC,.2,947.2,948.3,947.2,,9.3,8.8,9.4,9.3,8.9,8.8,97,97,97,174,1.7,0,
2024/07/10,0700 UTC,.2,946.8,947.3,946.7,,9.4,8.9,9.4,9.3,8.9,8.8,97,97,97,157,1.2,.3,
2024/07/10,0800 UTC,.6,946.4,946.8,946.3,,9.3,8.8,9.4,9.3,8.9,8.8,97,97,97,149,1.2,.1,
2024/07/10,0900 UTC,0,946.7,946.8,946.4,,9.3,8.8,9.4,9.3,8.9,8.8,97,97,97,181,1,.2,
2024/07/10,1000 UTC,0,946.7,946.7,946.4,,9.3,8.9,9.4,9.3,8.9,8.8,97,97,97,226,2,1.2,
2024/07/10,1100 UTC,0,946.8,947,946.7,52.3,9.6,9.1,9.6,9.3,9.1,8.9,97,96,96,42,2,0,
2024/07/10,1200 UTC,0,947.8,947.8,946.8,205.3,10,9.4,10.2,9.6,9.5,9.1,96,96,96,161,1.4,.5,
2024/07/10,1300 UTC,0,948.5,948.5,947.8,424,10.9,9.7,11.1,10,10,9.4,96,92,92,156,1.3,.1,
2024/07/10,1400 UTC,0,948.1,948.5,948.1,1106.3,13.5,10.3,13.5,10.9,10.8,9.5,92,81,81,314,1.2,.1,
2024/07/10,1500 UTC,0,946.7,948.1,946.7,2053.3,15.1,10.6,15.2,12.8,11.6,9.6,87,74,75,292,2.1,.8,
2024/07/10,1600 UTC,0,946,946.8,946,2228.2,15.9,11.7,15.9,14.9,11.7,9.9,77,71,76,358,3.6,2,
2024/07/10,1700 UTC,0,945.2,946,945.2,1941.6,16.4,12,16.8,15.3,12.3,10.5,76,73,75,16,4.3,2.6,
2024/07/10,1800 UTC,0,944.7,945.2,944.7,1636.6,17.2,12.2,17.4,16.4,12.7,11.7,76,71,73,11,5.6,3.7,
2024/07/10,1900 UTC,0,944.9,944.9,944.7,1282.1,16.3,11.7,17.4,16.3,12.6,11.7,76,71,74,354,5.6,2.6,
2024/07/10,2000 UTC,0,945.1,945.1,944.8,624.9,16.3,11.8,17.2,16.3,12.5,11.7,76,71,74,345,4.2,1.9,
2024/07/10,2100 UTC,0,945.5,945.5,945.1,47.4,13.2,11.1,16.3,13.2,11.9,11.1,87,75,87,62,2.6,.3,
2024/07/10,2200 UTC,0,946.3,946.4,945.5,,12.1,11.3,13.2,11.8,11.5,10.8,95,87,95,283,1.8,0,
2024/07/10,2300 UTC,0,947.1,947.1,946.3,,12.2,10,12.2,11.5,11.4,10,95,86,86,207,3.5,1.5,
2024/07/11,0000 UTC,0,947.9,947.9,947,,10.6,9.6,12.2,10.3,10,9.3,94,86,93,188,3.5,.9,
2024/07/11,0100 UTC,0,948.2,948.3,947.9,,9.5,8.3,10.7,9.5,9.6,8.3,93,92,92,206,2.1,1,
2024/07/11,0200 UTC,0,948.4,948.4,948.2,,8.8,8.1,9.5,8.7,8.4,8,95,92,95,215,2,1.1,
2024/07/11,0300 UTC,0,948.6,948.6,948.4,,7.6,7,8.8,7.6,8.2,7,96,95,96,322,1.6,.7,
2024/07/11,0400 UTC,0,948.9,948.9,948.4,,7,6.6,7.6,6.8,7,6.4,97,96,97,263,1.7,.3,
2024/07/11,0500 UTC,0,948.8,949,948.5,,7.7,7.3,7.9,7,7.5,6.6,97,97,97,97,3.2,.5,
2024/07/11,0600 UTC,.2,948.9,949.2,948.7,,8,7.6,8.1,7.7,7.7,7.3,97,97,97,145,2.2,.3,
2024/07/11,0700 UTC,0,949.2,949.4,948.7,,8.4,8,8.4,8,8,7.6,97,97,97,49,1.4,0,
2024/07/11,0800 UTC,0,949.1,949.3,948.7,,8.6,8.2,8.7,8.4,8.3,8,97,97,97,273,2.1,.3,
2024/07/11,0900 UTC,0,949.5,949.5,948.5,,9,8.5,9,8.5,8.5,8.1,97,97,97,189,2.1,.3,
2024/07/11,1000 UTC,.8,949.8,949.8,949.1,,9,8.6,9,8.8,8.6,8.4,97,97,97,262,3.5,.6,
2024/07/11,1100 UTC,.4,951,951,949.3,11.2,9.2,8.6,9.2,8.9,8.7,8.5,97,96,96,158,2.7,.3,
2024/07/11,1200 UTC,1.8,950.3,951.2,950.1,93.8,9.2,8.7,9.2,8.9,8.7,8.3,96,96,96,8,1.9,.2,
2024/07/11,1300 UTC,0,950.7,951.1,950.3,277.8,9.8,8.8,9.8,9.2,9,8.5,96,93,93,13,3,.5,
2024/07/11,1400 UTC,.2,950.9,951.2,950.7,231.5,9.6,8.7,10,9.6,9.1,8.5,94,92,94,125,2.5,.1,
2024/07/11,1500 UTC,1,950.4,951.1,950.3,143.7,9,8.3,9.6,9,8.8,8.3,96,94,96,191,4.5,1.5,
2024/07/11,1600 UTC,.6,949.8,950.4,949.5,147.9,9.1,8.5,9.1,8.9,8.5,8.3,96,96,96,188,3.7,1.9,
2024/07/11,1700 UTC,3.4,950.5,951.5,949.7,57,9.3,8.7,9.3,9,8.7,8.3,96,95,96,198,6.6,1.2,
2024/07/11,1800 UTC,9,950,951.1,949.6,55.6,9.5,8.9,9.5,9.3,8.9,8.7,96,96,96,217,5.5,1.6,
2024/07/11,1900 UTC,4.6,950.9,950.9,950,77.1,9.7,9.2,9.8,9.5,9.2,8.9,96,96,96,218,3.1,.7,
2024/07/11,2000 UTC,6.2,951.7,951.8,950.7,31.8,9.8,9.3,9.8,9.6,9.3,9,97,96,97,202,3.4,.4,
2024/07/11,2100 UTC,3,951.9,952.2,951.4,5,9.8,9.3,9.9,9.8,9.4,9.3,97,97,97,174,2.4,0,
2024/07/11,2200 UTC,4,952.7,952.7,951.8,,9.9,9.4,9.9,9.8,9.4,9.3,97,97,97,172,1.7,.2,
2024/07/11,2300 UTC,4,953,953,952.2,,10.1,9.6,10.1,9.9,9.6,9.4,97,97,97,10,2.7,1.2,
2024/07/12,0000 UTC,3,953.1,953.3,952.9,,10.3,9.6,10.3,10.1,9.7,9.5,97,95,95,335,3.8,1,
2024/07/12,0100 UTC,1.6,953.7,953.7,953,,10.5,9.7,10.5,10.1,9.9,9.5,96,95,95,338,4.4,2.3,
2024/07/12,0200 UTC,2.2,954.1,954.3,953.5,,10.4,9.7,10.5,10.3,9.8,9.5,96,94,96,38,4.5,1.1,
2024/07/12,0300 UTC,1.4,955,955,953.6,,10.3,9.7,10.4,10.2,9.7,9.5,97,96,97,187,3.2,1.8,
2024/07/12,0400 UTC,.6,954.5,955.1,953.6,,10.3,9.8,10.4,10.2,9.8,9.7,97,97,97,213,3.4,.8,
2024/07/12,0500 UTC,0,955.2,955.3,952.7,,10.6,9.8,10.7,10.3,10.1,9.7,97,94,94,194,4.3,1.7,
2024/07/12,0600 UTC,0,955.2,955.9,953.4,.2,10.4,9.7,10.7,10.4,9.8,9.4,95,93,95,164,4,.3,
2024/07/12,0700 UTC,0,955.2,955.6,954.6,.8,10.4,9.3,10.7,10.4,9.8,9.3,95,91,93,168,3.1,.3,
2024/07/12,0800 UTC,0,956.1,956.1,954.9,2.2,10.3,8.9,10.6,10.2,9.3,8.8,93,89,91,181,3.5,1,
2024/07/12,0900 UTC,0,955.7,956.1,955.4,2.4,10.3,8.7,10.7,10.2,9,8.4,91,86,90,179,3.6,1.6,
2024/07/12,1000 UTC,0,956,956.3,955.7,2.3,10.3,8,10.5,10.2,8.6,8,90,85,86,158,3.8,1.4,
2024/07/12,1100 UTC,0,956.6,956.8,956,45.4,9.6,7.7,10.3,9.5,8.1,7.7,89,85,88,168,3.4,1.5,
2024/07/12,1200 UTC,0,957.3,957.6,956.4,184.6,10,7.9,10.1,9.6,7.9,7.5,88,85,87,145,3.8,1.6,
2024/07/12,1300 UTC,0,958.5,958.6,957.3,400.9,10.5,7.3,10.5,10,8,7.3,87,81,81,158,4.9,2.6,
2024/07/12,1400 UTC,0,958.6,958.8,958.1,730.2,11.4,7.7,11.5,10.5,8.2,7.2,82,77,78,126,4.6,.4,
2024/07/12,1500 UTC,0,957.7,958.6,957.7,1032.4,11.9,7.9,12.3,11.3,8.8,7.5,80,76,76,121,3.9,1.8,
2024/07/12,1600 UTC,0,957.6,957.9,957.3,1326.9,12.9,7.6,13,11.8,8.2,6.9,78,70,70,159,5,1.8,
2024/07/12,1700 UTC,0,956.9,957.6,956.9,1174.4,12.9,7.9,13.2,12.6,8.3,6.8,74,67,72,127,4.6,2.8,
2024/07/12,1800 UTC,0,956.4,956.9,955.9,1059.6,13.2,7.8,13.3,12.6,8.5,7.2,73,68,70,177,5.8,1.7,
2024/07/12,1900 UTC,0,957.3,957.4,956.4,354.5,12.6,8,13.2,12.6,8.5,7.4,75,68,74,188,3.6,1.2,
2024/07/12,2000 UTC,0,957.6,958.1,956.9,80.5,12,8.5,12.6,11.9,9,8,82,74,79,130,2.8,.9,
2024/07/12,2100 UTC,0,958.3,958.3,957.6,15.2,11.3,8.9,12,11.3,8.9,8.1,85,77,85,152,2.6,.9,
2024/07/12,2200 UTC,0,958.1,958.5,958,,11.1,7.7,11.4,11,9,7.7,86,80,80,138,3.3,1.6,
2024/07/12,2300 UTC,0,959,959.1,958,,10.5,8.1,11.1,10.4,8.3,7.4,87,79,85,185,3.1,.9,
2024/07/13,0000 UTC,0,959.2,959.4,958.9,,10.3,8.7,10.6,10.2,8.7,8,90,84,90,175,2,.2,
2024/07/13,0100 UTC,0,959.5,959.5,959.2,,9.9,8.4,10.4,9.9,9,8.3,92,90,90,273,1.2,.4,
2024/07/13,0200 UTC,.2,958.9,959.6,958.8,,9.8,8.8,9.9,9.7,9.1,8.4,95,90,94,278,1.4,.2,
2024/07/13,0300 UTC,0,958.7,959.4,958.7,,9.6,8.7,9.8,9.6,8.9,8.7,94,94,94,302,2.3,.7,
2024/07/13,0400 UTC,0,958.6,958.7,958.2,,9.7,8.8,9.8,9.6,8.8,8.7,94,93,94,311,1.6,.2,
2024/07/13,0500 UTC,0,958.6,958.6,958.2,,9.8,8.9,9.8,9.7,9,8.8,95,94,95,168,.9,0,
2024/07/13,0600 UTC,.6,957.7,958.6,957.7,,9.8,9.1,9.9,9.7,9.1,8.9,96,95,96,33,1.4,.2,
2024/07/13,0700 UTC,.8,957.2,957.9,957.2,,9.8,9.2,9.8,9.7,9.2,9.1,96,96,96,153,.8,.2,
2024/07/13,0800 UTC,0,957.5,957.5,957,,10,9.4,10,9.8,9.4,9.2,96,96,96,301,1.1,.5,
2024/07/13,0900 UTC,.8,957.3,957.7,957.2,,10.1,9.5,10.2,10,9.5,9.4,96,96,96,279,2.1,0,
2024/07/13,1000 UTC,0,957.9,957.9,957.3,,10.2,9.6,10.2,10.1,9.6,9.4,96,96,96,78,.8,0,
2024/07/13,1100 UTC,0,958.5,958.6,957.9,13.6,10.4,9.8,10.4,10.2,9.8,9.6,96,96,96,83,1.3,0,
2024/07/13,1200 UTC,0,959.3,959.3,958.2,87.8,10.7,10.1,10.7,10.3,10.1,9.8,97,96,96,38,1.2,0,
2024/07/13,1300 UTC,0,959.6,959.6,959.2,209.5,11.4,10.3,11.4,10.7,10.3,10.1,96,93,93,12,1.3,0,
2024/07/13,1400 UTC,0,958.7,959.6,958.7,673.3,12.8,10.7,12.8,11.3,10.9,10.2,94,87,87,163,1.6,.3,
2024/07/13,1500 UTC,0,958.1,958.7,958.1,1026.7,13.4,10.4,14,12.7,11.2,9.7,87,78,82,295,3.2,1.9,
2024/07/13,1600 UTC,0,957.1,958.1,956.6,458.4,13.4,10.4,13.5,13.2,10.7,10.1,84,80,82,240,3.2,1.2,
2024/07/13,1700 UTC,.2,956.2,957.1,956.2,205.9,12.9,10.9,13.5,12.9,10.9,10.2,87,81,87,358,3,1.5,
2024/07/13,1800 UTC,1.2,956,956.5,956,112.1,12.3,11.2,12.9,12.3,11.3,10.6,93,87,93,215,3,0,
2024/07/13,1900 UTC,.8,956,956.2,955.7,149.4,12.4,11.3,12.5,12.3,11.5,11.2,94,92,93,166,1.4,.3,
2024/07/13,2000 UTC,1.4,956.2,956.3,955.6,53.1,12.2,11.4,12.4,12.1,11.4,11.3,95,93,95,250,2,0,
2024/07/13,2100 UTC,1.6,955.5,956.3,955.4,10.6,12,11.3,12.2,12,11.4,11.3,96,95,96,185,1.8,0,
2024/07/13,2200 UTC,.4,956.1,956.1,955.4,,12,11.3,12,11.9,11.4,11.2,96,96,96,253,2.2,0,
2024/07/13,2300 UTC,2,956,956.6,955.5,,12,11.4,12.1,11.9,11.5,11.2,96,95,96,93,4.4,.7,
2024/07/14,0000 UTC,3.6,955.8,956.4,955.8,,11.8,11.3,12,11.8,11.4,11.3,96,96,96,164,3.1,1,
2024/07/14,0100 UTC,2.8,956.5,956.6,955.7,,11.8,11.3,11.9,11.8,11.3,11.2,97,96,97,177,4.1,1.3,
2024/07/14,0200 UTC,5.6,956.1,956.9,956.1,,11.8,11.3,11.8,11.7,11.3,11.2,97,96,97,118,3.3,0,
2024/07/14,0300 UTC,1.6,956.1,956.3,955.6,,11.9,11.3,11.9,11.7,11.3,11.2,97,97,97,177,2.9,1,
2024/07/14,0400 UTC,2.8,956,956.2,955.9,,11.7,11.1,11.9,11.7,11.3,11.1,97,96,96,187,2.9,0,
2024/07/14,0500 UTC,.6,955,956,954.8,,11.7,11.2,11.7,11.6,11.2,11.1,97,96,97,226,2.4,.7,
2024/07/14,0600 UTC,.8,954,955,954,,11.7,11.1,11.7,11.6,11.2,11.1,97,96,96,178,2.4,.1,
2024/07/14,0700 UTC,.8,954.2,954.2,953.6,,11.6,11.1,11.7,11.6,11.1,11.1,96,96,96,193,3.7,1.6,
2024/07/14,0800 UTC,3.2,953.5,954.4,953.2,,11.5,11,11.6,11.5,11.1,11,97,96,97,186,4,0,
2024/07/14,0900 UTC,.2,953.7,953.8,953.2,,11.4,10.9,11.5,11.3,11,10.8,97,97,97,333,1.3,.1,
2024/07/14,1000 UTC,.2,953.7,953.8,953.1,,11.4,11,11.5,11.4,11,10.9,97,97,97,190,1.7,0,
2024/07/14,1100 UTC,3,954.1,954.4,953.6,35.4,11.6,11.2,11.6,11.4,11.2,11,97,97,97,167,2.2,0,
2024/07/14,1200 UTC,0,954.6,954.7,953.8,182.8,11.9,11.4,12,11.6,11.5,11.2,97,96,96,223,2.2,.7,
2024/07/14,1300 UTC,1.2,954.7,954.8,954.1,347.6,12.4,11.7,12.4,11.8,11.7,11.1,96,95,95,184,2.9,.7,
2024/07/14,1400 UTC,0,954.7,955,954.4,454.8,12.7,11.6,12.9,12.4,11.8,11.4,95,92,93,175,2.5,.6,
2024/07/14,1500 UTC,0,954.1,954.7,953.9,615,13.3,11.7,13.6,12.7,12.5,11.6,93,90,90,195,2.1,.6,
2024/07/14,1600 UTC,0,953.1,954.1,953.1,397.2,13.3,11.8,13.7,13.2,12.2,11.6,91,89,91,162,1.8,.1,
2024/07/14,1700 UTC,0,952.3,953.1,952.3,364.1,13.2,12.3,13.6,12.9,12.3,11.9,94,91,94,168,2.6,0,
2024/07/14,1800 UTC,0,952.4,952.5,952.2,412.8,13.6,12.2,13.8,13.1,12.6,12.1,94,91,91,186,2,.9,
2024/07/14,1900 UTC,0,952.3,952.4,952.2,330.2,14,12.3,14.2,13.6,12.6,12,91,88,89,204,1.8,0,
2024/07/14,2000 UTC,0,952.7,952.7,952.2,117.3,13.8,12.3,14.1,13.8,12.6,12.2,91,89,91,179,1.1,0,
2024/07/14,2100 UTC,0,953,953,952.7,13.8,13.4,12.6,13.8,13.4,12.6,12.3,94,91,94,148,0,0,
2024/07/14,2200 UTC,0,953.5,953.5,953,,13.2,12.6,13.4,13.2,12.6,12.5,96,94,96,209,.9,0,
2024/07/14,2300 UTC,.2,954.1,954.1,953.5,,13.3,12.7,13.4,13.2,12.8,12.5,96,96,96,108,0,0,
2024/07/15,0000 UTC,0,954.5,954.5,954.1,,13.2,12.7,13.3,13.2,12.8,12.7,96,96,96,163,1.6,.5,
2024/07/15,0100 UTC,.2,954.9,954.9,954.5,,13.2,12.7,13.3,13.1,12.7,12.6,97,96,97,180,2.1,.6,
2024/07/15,0200 UTC,0,955.3,955.3,954.9,,12.9,12.2,13.2,12.9,12.7,12.2,97,95,95,199,2.5,.6,
2024/07/15,0300 UTC,0,955.2,955.3,955.2,,12.8,12.1,12.9,12.8,12.2,12.1,96,95,96,206,2.5,.3,
2024/07/15,0400 UTC,.4,955.2,955.3,955.1,,12.6,11.9,12.8,12.6,12.1,11.9,96,95,95,238,2.1,.1,
2024/07/15,0500 UTC,0,955.3,955.4,955.2,,12.4,11.7,12.7,12.4,11.9,11.7,96,95,95,208,2,0,
2024/07/15,0600 UTC,0,955.3,955.4,955.2,,12.4,11.6,12.5,12.4,11.8,11.6,96,95,95,250,1.6,0,
2024/07/15,0700 UTC,0,955.2,955.3,955,,12.2,11.5,12.4,12.2,11.6,11.5,95,95,95,216,1.8,0,
2024/07/15,0800 UTC,0,955.4,955.4,955.1,,12,11.3,12.2,12,11.5,11.3,96,95,96,208,1.9,.2,
2024/07/15,0900 UTC,0,955.9,955.9,955.4,,11.9,11.1,12,11.9,11.3,11.1,96,95,95,209,2.2,.2,
2024/07/15,1000 UTC,0,956.8,956.8,955.9,,11.9,11,11.9,11.9,11.1,11,95,94,94,246,2.1,0,
2024/07/15,1100 UTC,0,957.6,957.6,956.8,9.6,11.9,10.9,12,11.9,11,10.9,94,94,94,229,1.7,0,
2024/07/15,1200 UTC,.2,958,958,957.4,51.1,11.8,10.9,11.9,11.7,10.9,10.8,94,94,94,222,2.6,.7,
2024/07/15,1300 UTC,0,958.5,958.5,958,179.6,12.2,11.3,12.3,11.8,11.3,10.9,94,94,94,201,1.7,.1,
2024/07/15,1400 UTC,0,958.7,958.8,958.5,282.8,12.7,11.3,12.8,12.2,11.5,11.1,94,91,91,176,1.9,0,
2024/07/15,1500 UTC,0,958.5,958.8,958.4,267.4,12.9,11.2,13,12.7,11.5,11.2,92,89,89,126,1.8,0,
2024/07/15,1600 UTC,0,957.5,958.5,957.5,490.7,13.5,11.3,13.7,12.9,11.7,10.4,91,82,87,124,1.8,.7,
2024/07/15,1700 UTC,0,957.2,957.6,957.2,463,13.3,11.1,13.9,13.3,11.9,11.1,89,85,86,161,3.1,1.6,
2024/07/15,1800 UTC,0,957.4,957.4,957,222.4,13.2,11.4,13.8,13.2,11.5,10.4,89,80,89,236,3.5,1.3,
2024/07/15,1900 UTC,.4,957.4,957.5,957.2,169,13,11.8,13.2,12.8,11.8,11.4,93,89,93,225,2.5,.4,
2024/07/15,2000 UTC,.2,957.6,957.7,957.4,88.9,12.9,12,13,12.9,12.1,11.8,95,93,95,174,2.5,.5,
2024/07/15,2100 UTC,0,957.7,957.7,957.5,12.4,12.7,11.9,12.9,12.7,12,11.7,95,93,95,163,2.8,.4,
2024/07/15,2200 UTC,1,958.2,958.5,957.6,,12.4,11.6,12.7,12.4,11.9,11.6,95,95,95,171,2.8,.1,
2024/07/15,2300 UTC,.2,958.6,958.6,958.2,,12.3,11.7,12.4,12.3,11.7,11.6,96,95,96,132,1.1,.2,
2024/07/16,0000 UTC,0,958.8,958.8,958.5,,12.4,11.7,12.4,12.3,11.7,11.6,96,96,96,166,1.5,0,
2024/07/16,0100 UTC,.4,958.8,958.8,958.7,,12.2,11.5,12.4,12.2,11.7,11.5,96,95,96,192,2.5,.1,
2024/07/16,0200 UTC,1.2,958.7,958.9,958.6,,12.2,11.7,12.2,12.1,11.7,11.5,97,96,97,172,1.9,.4,
2024/07/16,0300 UTC,.6,958.5,958.8,958.4,,12.2,11.7,12.3,12.2,11.7,11.6,97,96,96,209,2.2,.8,
2024/07/16,0400 UTC,0,958.2,958.5,958,,12.1,11.6,12.2,12.1,11.7,11.6,97,96,97,213,2.4,1.2,
2024/07/16,0500 UTC,.2,957.9,958.2,957.9,,12.1,11.6,12.1,12.1,11.6,11.6,97,97,97,183,2.4,.2,
2024/07/16,0600 UTC,.2,957.4,957.9,957.4,,12,11.5,12.1,12,11.6,11.5,97,97,97,214,1.5,.6,
2024/07/16,0700 UTC,.2,956.9,957.5,956.9,.3,12,11.5,12,12,11.6,11.5,97,97,97,179,2.5,.6,
2024/07/16,0800 UTC,.2,956.9,957,956.8,.2,12,11.5,12.1,12,11.6,11.5,97,97,97,170,1.9,.3,
2024/07/16,0900 UTC,.2,957.1,957.1,956.7,,12.1,11.6,12.1,12,11.6,11.5,97,97,97,237,1.2,.1,
2024/07/16,1000 UTC,.4,957.4,957.5,957.1,,12.1,11.6,12.2,12,11.7,11.6,97,97,97,134,2.8,0,
2024/07/16,1100 UTC,0,958.2,958.2,957.4,21.3,12.1,11.6,12.2,12.1,11.7,11.6,97,97,97,169,1.8,.4,
2024/07/16,1200 UTC,0,958.5,958.5,958.2,187.3,12.5,12,12.5,12.1,12,11.6,97,96,96,208,2.2,1,
2024/07/16,1300 UTC,.2,958.9,958.9,958.5,334.6,12.9,12.2,13,12.5,12.4,12,96,96,96,211,2,.9,
2024/07/16,1400 UTC,0,958.9,959,958.8,501.4,13.4,12.5,13.5,12.9,12.7,12.2,96,95,95,217,2.2,.8,
2024/07/16,1500 UTC,0,958.2,959,958.2,426.7,13.6,12.9,13.6,13.3,12.9,12.5,95,94,95,191,2.4,.4,
2024/07/16,1600 UTC,0,957.3,958.2,957.3,658.8,14.1,13.2,14.2,13.5,13.4,12.7,95,94,94,201,2.6,1.1,
2024/07/16,1700 UTC,0,956.8,957.3,956.7,486.8,14.2,13.2,14.4,14.1,13.5,13.1,94,93,94,181,4.1,1.7,
2024/07/16,1800 UTC,.4,956.3,956.9,955.9,444,14.5,13.4,14.6,13.9,13.7,12.9,95,93,93,181,4.1,.6,
2024/07/16,1900 UTC,.6,956.4,956.4,956.2,192.2,14.1,13.3,14.6,14.1,13.6,13.2,95,92,95,170,3.4,1,
2024/07/16,2000 UTC,0,956.9,956.9,956.4,93.9,14.2,13.5,14.4,14.1,13.6,13.3,95,95,95,226,2.4,.5,
2024/07/16,2100 UTC,0,957.1,957.1,956.8,32.3,14.2,13.5,14.3,14.2,13.6,13.5,96,95,96,210,1.6,.1,
2024/07/16,2200 UTC,0,957.5,957.5,957.1,,14.1,13.5,14.2,14.1,13.5,13.4,96,96,96,124,1.5,0,
2024/07/16,2300 UTC,0,957.9,957.9,957.5,,14.1,13.5,14.1,14,13.5,13.5,97,96,97,248,0,0,
2024/07/17,0000 UTC,0,958,958.1,957.8,,14,13.4,14.3,14,13.7,13.4,97,96,96,236,1,0,
2024/07/17,0100 UTC,.2,958.4,958.4,958,,14,13.4,14,13.9,13.4,13.3,97,96,97,211,.7,0,
2024/07/17,0200 UTC,.2,958.4,958.6,958.4,,13.9,13.3,14,13.8,13.4,13.3,97,97,97,203,1.2,.3,
2024/07/17,0300 UTC,.2,958.3,958.4,958.1,.5,13.8,13.3,13.9,13.8,13.4,13.3,97,97,97,184,1.4,.1,
2024/07/17,0400 UTC,.2,957.8,958.3,957.7,,13.8,13.3,13.8,13.8,13.3,13.3,97,97,97,4,.8,0,
2024/07/17,0500 UTC,0,957.3,957.8,957.3,,13.8,13.3,13.8,13.8,13.3,13.3,97,97,97,249,.6,0,
2024/07/17,0600 UTC,.2,956.8,957.3,956.8,,13.6,13.1,13.8,13.5,13.3,13,97,97,97,31,0,0,
2024/07/17,0700 UTC,0,956.5,956.9,956.5,,13.5,13.1,13.6,13.5,13.1,13.1,97,97,97,306,0,0,
2024/07/17,0800 UTC,0,956.2,956.5,956.2,,13.5,13,13.6,13.5,13.1,13,97,97,97,332,0,0,
2024/07/17,0900 UTC,0,956.2,956.2,956.1,,13.4,12.9,13.5,13.4,13.1,12.9,97,97,97,324,0,0,
2024/07/17,1000 UTC,0,956.1,956.2,956,,13.4,12.9,13.4,13.3,12.9,12.9,97,97,97,16,.5,0,
2024/07/17,1100 UTC,0,956.6,956.6,956.1,69.6,13.4,12.9,13.4,13.3,12.9,12.8,97,97,97,16,1.2,0,
2024/07/17,1200 UTC,0,956.9,956.9,956.6,422.3,13.9,13.4,13.9,13.3,13.4,12.9,97,97,97,17,1.7,.1,
2024/07/17,1300 UTC,0,956.8,956.9,956.7,763.8,15.1,13.3,15.1,13.8,14.2,13,97,88,89,21,2.3,.7,
2024/07/17,1400 UTC,0,956.4,956.9,956.4,761.4,15.8,12.8,15.8,15.1,13.4,12.6,90,82,82,74,1.5,.5,
2024/07/17,1500 UTC,0,955.3,956.4,955.2,1161.3,16.5,13.6,17.4,15.8,14.2,12.8,84,78,83,155,2.1,1,
2024/07/17,1600 UTC,0,953.7,955.3,953.7,1823.2,18.3,13.8,18.9,16.5,14.8,13,84,74,75,166,2.3,1,
2024/07/17,1700 UTC,0,952.5,953.7,952.5,2342.7,20.4,15.2,20.6,18.1,15.7,13.6,79,70,72,139,2.9,.5,
2024/07/17,1800 UTC,0,952,952.5,952,1735.7,20.5,15.5,21.2,19.8,15.9,14.8,74,70,73,7,3.8,1.5,
2024/07/17,1900 UTC,.2,951.3,952,951.3,1451.7,21.2,16.1,21.5,20.5,16.3,15.4,75,70,72,347,3.4,1.5,
2024/07/17,2000 UTC,0,951,951.3,950.8,702.2,21,16.1,21.9,20.8,16.8,15.6,76,71,73,254,3.2,.3,
2024/07/17,2100 UTC,0,951.5,951.5,951,65.3,17.2,15.5,21,17.2,16.2,15.5,90,73,90,158,1.9,.4,
2024/07/17,2200 UTC,0,952.4,952.4,951.5,,16.1,15.1,17.2,16.1,15.5,15,94,90,94,189,1.9,.7,
2024/07/17,2300 UTC,0,953,953.2,952.4,,15.7,14.7,16.5,15.7,15.4,14.7,94,92,94,40,3.3,1,
2024/07/18,0000 UTC,0,953.1,953.1,953,,14.2,13.6,15.7,14.2,14.9,13.6,96,94,96,114,1.8,0,
2024/07/18,0100 UTC,0,953.4,953.4,953,,13.9,13.4,14.8,13.8,14.2,13.3,97,96,97,54,.8,0,
2024/07/18,0200 UTC,0,953.5,953.6,953.3,,13,12.5,13.9,12.9,13.4,12.4,97,97,97,255,.8,0,
2024/07/18,0300 UTC,0,953.3,953.6,953.3,,12.6,12.1,13.1,12.2,12.6,11.8,97,97,97,281,2.6,.3,
2024/07/18,0400 UTC,0,952.8,953.3,952.8,,11.9,11.5,12.6,11.7,12,11.3,97,97,97,42,1.3,0,
2024/07/18,0500 UTC,0,952.8,952.9,952.8,,11.5,11,11.9,11.5,11.4,11,97,97,97,21,0,0,
2024/07/18,0600 UTC,0,952.6,952.8,952.6,,11.3,10.8,11.5,11.2,11,10.7,97,97,97,9,2,0,
2024/07/18,0700 UTC,0,952.5,952.7,952.4,,10.8,10.4,11.3,10.7,10.8,10.3,97,97,97,332,1.6,.6,
2024/07/18,0800 UTC,0,952.5,952.6,952.4,,11.2,10.7,11.2,10.7,10.7,10.3,97,97,97,284,1.4,0,
2024/07/18,0900 UTC,.2,952.5,952.6,952.4,0,10.7,10.3,11.2,10.7,10.7,10.2,97,97,97,17,1.7,.4,
2024/07/18,1000 UTC,0,953.1,953.1,952.5,.3,10.5,10,10.8,10.5,10.4,10,97,97,97,229,1.7,0,
2024/07/18,1100 UTC,0,953.8,953.8,953.1,59.1,10.4,10,10.5,10.1,10,9.7,97,97,97,290,.9,0,
2024/07/18,1200 UTC,0,954.7,954.7,953.8,306.6,11.1,10.7,11.1,10.2,10.7,9.8,97,97,97,259,1.4,.2,
2024/07/18,1300 UTC,0,955.5,955.5,954.7,499.3,12.3,11.9,12.3,11.2,11.9,10.7,97,97,97,4,2.1,.7,
2024/07/18,1400 UTC,0,955.2,955.5,955.2,735.6,13,12.6,13.1,12,12.6,11.5,97,97,97,28,2.3,.6,
2024/07/18,1500 UTC,0,954.5,955.2,954.5,1074.5,14.2,13.8,14.3,12.9,13.8,12.4,97,97,97,360,3.4,1.4,
2024/07/18,1600 UTC,0,953.3,954.5,953.3,2093.5,16.5,13.8,16.6,14.2,15,13.7,97,84,84,24,4,2.6,
2024/07/18,1700 UTC,0,952.4,953.3,952.4,2349.3,19.1,14.5,19.1,16.5,14.6,13.7,86,74,75,355,5.1,3,
2024/07/18,1800 UTC,0,952.1,952.4,952.1,1962.4,20.7,13.5,20.8,19.1,14.9,13.4,75,63,63,10,4.4,2.3,
2024/07/18,1900 UTC,0,952.1,952.1,951.9,1408.7,21.4,13.3,21.5,20.7,14.4,13.2,66,60,60,16,3.6,1.9,
2024/07/18,2000 UTC,0,952.5,952.5,952.1,722.4,21.1,14.1,21.6,21,14.7,13,67,59,64,341,2.7,.7,
2024/07/18,2100 UTC,0,953,953,952.4,75.8,16.5,13.9,21.2,16.5,14.9,13.2,84,64,84,194,1.4,.6,
2024/07/18,2200 UTC,0,953.4,953.5,953.1,,15.4,14.4,16.7,15.2,14.4,13.7,94,84,94,316,1.1,0,
2024/07/18,2300 UTC,0,953.8,953.8,953.4,,14,13.3,15.5,14,14.6,13.3,96,94,96,221,0,0,
2024/07/19,0000 UTC,0,954.1,954.1,953.8,,13.9,13.4,14.1,13.2,13.4,12.5,97,96,97,267,2,.4,
2024/07/19,0100 UTC,0,954.5,954.5,954.1,,13.8,13.3,13.9,13,13.4,12.5,97,97,97,236,2,0,
2024/07/19,0200 UTC,0,954.6,954.6,954.5,,13.8,13.3,14,13.7,13.6,13.3,97,97,97,286,1.1,.3,
2024/07/19,0300 UTC,0,955.1,955.1,954.6,.2,14,13.5,14.1,13.8,13.6,13.3,97,97,97,128,1.1,.1,
2024/07/19,0400 UTC,0,955.2,955.3,955.1,,14.2,13.7,14.2,14,13.7,13.5,97,97,97,140,1.3,0,
2024/07/19,0500 UTC,.2,955.2,955.3,955.1,,14,13.5,14.2,13.9,13.7,13.5,97,97,97,349,.7,0,
2024/07/19,0600 UTC,0,955.3,955.3,955.1,,13.8,13.3,14,13.8,13.5,13.3,97,97,97,187,1.1,0,
2024/07/19,0700 UTC,0,955.2,955.5,955.2,,13.7,13.2,13.8,13.7,13.3,13.2,97,97,97,197,1.2,0,
2024/07/19,0800 UTC,0,955.2,955.2,955,,13.7,13.3,13.7,13.7,13.3,13.2,97,97,97,148,.9,0,
2024/07/19,0900 UTC,0,955.7,955.7,955.2,,13.7,13.2,13.7,13.6,13.3,13.2,97,97,97,210,.9,0,
2024/07/19,1000 UTC,0,956.2,956.2,955.7,,13.7,13.3,13.8,13.7,13.3,13.2,97,97,97,157,0,0,
2024/07/19,1100 UTC,0,957,957,956.2,33.6,14.1,13.6,14.1,13.7,13.6,13.3,97,97,97,44,.9,.1,
2024/07/19,1200 UTC,0,957.6,957.6,957,154.4,14.3,12.7,14.3,14,13.5,12.6,97,90,90,50,1.2,0,
2024/07/19,1300 UTC,0,958.5,958.5,957.6,271,14.6,12.6,14.6,14.3,12.9,12.5,91,88,88,45,2.1,0,
2024/07/19,1400 UTC,0,958.5,958.7,958.5,757.4,15.7,12.9,15.7,14.6,13.3,12.4,90,82,83,301,1.9,.5,
2024/07/19,1500 UTC,0,957.7,958.5,957.7,1461.3,16.9,13.6,16.9,15.5,13.7,12.4,85,80,81,13,4.1,2.3,
2024/07/19,1600 UTC,0,956.2,957.7,956.2,2378.4,18.4,13.9,18.5,16.5,14.2,13,83,75,75,358,4.6,2.8,
2024/07/19,1700 UTC,0,955.1,956.2,955.1,2346.8,19.7,14.8,20,18.3,15.1,13.7,78,71,73,13,4.6,2.2,
2024/07/19,1800 UTC,0,954.5,955.1,954.5,1974.3,20.8,15.2,20.9,19.7,15.8,14.5,74,69,71,1,4.4,2,
2024/07/19,1900 UTC,0,954.3,954.5,954.2,1402.5,21.4,15.9,21.4,20.7,15.9,14.9,71,68,71,17,3.2,1.8,
2024/07/19,2000 UTC,0,954.4,954.5,954.2,723.9,20.3,15.7,21.4,20.3,16.4,15.4,75,69,75,342,3.2,1.6,
2024/07/19,2100 UTC,0,954.9,954.9,954.4,77.5,17.5,15.1,20.6,17.5,16.1,15.1,86,75,86,80,2.3,.2,
2024/07/19,2200 UTC,0,955.5,955.5,954.9,,15.6,14.4,17.4,15.6,15.3,14.4,94,86,93,91,1.4,0,
2024/07/19,2300 UTC,0,956.2,956.2,955.5,,14.6,13.9,15.7,14.5,14.7,13.8,96,93,95,128,1.1,.4,
2024/07/20,0000 UTC,0,956.1,956.3,956,,14.5,14,14.9,14.3,14.3,13.6,97,95,97,314,1.8,.5,
2024/07/20,0100 UTC,0,956.2,956.2,956.1,,13.2,12.7,14.5,13.1,13.9,12.6,97,97,97,5,1.6,0,
2024/07/20,0200 UTC,0,956.5,956.5,956.2,,12.3,11.9,13.2,12.3,12.7,11.9,97,97,97,355,.6,0,
2024/07/20,0300 UTC,0,956.4,956.7,956.4,,12.6,12.1,12.6,12.2,12.2,11.8,97,97,97,331,1,0,
2024/07/20,0400 UTC,0,956.2,956.4,956.2,,12.6,12.1,12.7,12.4,12.3,12,97,97,97,314,1.2,0,
2024/07/20,0500 UTC,.2,956.2,956.3,956.2,,13,12.6,13,12.6,12.6,12.2,97,97,97,221,0,0,
2024/07/20,0600 UTC,0,956.1,956.2,956.1,,12.9,12.4,13.2,12.8,12.7,12.4,97,97,97,275,1.7,1.1,
2024/07/20,0700 UTC,0,955.5,956.1,955.5,.1,13.3,12.8,13.3,12.9,12.8,12.4,97,97,97,103,2.3,.3,
2024/07/20,0800 UTC,0,955.2,955.5,955.1,,13.5,13,13.5,13.3,13,12.8,97,97,97,152,1.1,0,
2024/07/20,0900 UTC,0,955.7,955.7,955.1,,13.7,13.2,13.7,13.4,13.2,13,97,97,97,254,1.1,.2,
2024/07/20,1000 UTC,0,956.2,956.2,955.7,,13.7,13.3,13.8,13.6,13.3,13.1,97,97,97,274,1.8,.2,
2024/07/20,1100 UTC,0,956.6,956.8,956.2,51.9,14.1,13.6,14.1,13.7,13.6,13.3,97,97,97,165,1.8,0,
2024/07/20,1200 UTC,0,956.8,956.8,956.5,456.1,15,14.4,15.1,14,14.5,13.6,97,96,96,137,.6,0,
2024/07/20,1300 UTC,0,957.3,957.3,956.8,816.9,16.4,14.1,16.4,15,14.3,13.5,96,85,86,72,1.4,.2,
2024/07/20,1400 UTC,0,957.2,957.4,957.2,1420,17.7,13.2,18.3,16.3,14.5,13.1,86,73,75,343,3.1,1.2,
2024/07/20,1500 UTC,0,956.5,957.2,956.5,2407.3,18.9,13.1,19.1,17.6,13.7,12.5,78,68,69,341,3.7,2,
2024/07/20,1600 UTC,0,955.5,956.5,955.5,2517.1,20,12.6,20.3,18.8,13.7,11.7,71,61,63,338,4.9,2.1,
2024/07/20,1700 UTC,0,954.8,955.5,954.8,2405.1,20.3,12.2,20.7,19.9,13.3,11.8,64,58,60,22,4.9,1.9,
2024/07/20,1800 UTC,0,954,954.8,954,2020.2,21,12.6,21.2,20.3,13.1,12,62,58,59,340,4.6,1.6,
2024/07/20,1900 UTC,0,953.7,954,953.7,1390.7,20.5,12.3,21.7,20.5,13.1,12,61,56,59,356,3.7,1.3,
2024/07/20,2000 UTC,0,953.9,953.9,953.6,683,20,12.4,21.2,19.9,12.9,12.1,63,57,62,56,3.6,1.8,
2024/07/20,2100 UTC,0,954.1,954.1,953.8,132.7,16.5,12.2,20,16.5,12.8,12.1,76,62,76,255,3.4,.5,
2024/07/20,2200 UTC,0,954.4,954.4,954.1,,14.8,13.5,16.6,14.7,14.1,12.2,92,76,92,166,2.9,.7,
2024/07/20,2300 UTC,0,954.8,954.8,954.4,,13.6,12.7,14.9,13.4,13.6,12.4,95,91,94,300,1.6,.2,
2024/07/21,0000 UTC,0,955.1,955.1,954.8,,12.5,11.6,13.7,12.4,12.9,11.6,95,93,95,31,2,.1,
2024/07/21,0100 UTC,0,955.3,955.3,955.1,,11.4,10.8,12.5,11.3,11.8,10.7,96,95,96,35,1.9,0,
2024/07/21,0200 UTC,0,955.4,955.5,955.3,,10.9,10.4,11.5,10.9,10.9,10.4,97,96,97,24,0,0,
2024/07/21,0300 UTC,.2,955.3,955.4,955.2,,10.7,10.2,11,10.7,10.5,10.2,97,97,97,206,1.1,0,
2024/07/21,0400 UTC,0,955.1,955.4,955.1,,11.1,10.6,11.1,10.5,10.6,10.1,97,97,97,286,1.1,0,
2024/07/21,0500 UTC,0,954.9,955.1,954.9,,11.4,10.9,11.4,11,11,10.6,97,97,97,165,0,0,
2024/07/21,0600 UTC,0,954.5,954.9,954.5,,11.2,10.7,11.5,11.1,11,10.6,97,97,97,277,1.6,.2,
2024/07/21,0700 UTC,0,954.2,954.5,954.2,,11.1,10.6,11.3,11,10.8,10.6,97,97,97,163,1.6,.3,
2024/07/21,0800 UTC,0,954,954.2,953.9,,10.6,10.2,11.1,10.6,10.6,10.2,97,97,97,227,1.8,0,
2024/07/21,0900 UTC,0,954.4,954.4,954,,10.3,9.9,10.7,10.2,10.2,9.8,97,97,97,84,0,0,
2024/07/21,1000 UTC,0,955,955,954.4,,10,9.6,10.3,9.9,9.9,9.5,97,97,97,154,1.3,0,
2024/07/21,1100 UTC,0,955.3,955.3,955,100.2,10,9.6,10,9.7,9.6,9.3,97,97,97,196,1,0,
2024/07/21,1200 UTC,0,955.7,955.7,955.3,463.5,10.9,10.5,11.1,9.9,10.7,9.5,97,97,97,276,1.3,.3,
2024/07/21,1300 UTC,0,956.2,956.2,955.7,767.9,12,9.4,12,10.9,10.9,8.9,97,83,84,334,1.8,.4,
2024/07/21,1400 UTC,.2,956,956.3,956,1770.8,13.3,9.7,13.7,11.7,10.7,8.7,87,77,79,285,3.1,1.5,
2024/07/21,1500 UTC,0,955.1,956,955.1,2474.7,14.8,9.1,15.4,13.2,10.2,9,79,68,69,270,3.1,.9,
2024/07/21,1600 UTC,0,953.9,955.1,953.9,2590.3,16.5,10.5,17,14.8,10.9,9.4,70,64,68,26,3.5,1.6,
2024/07/21,1700 UTC,0,952.9,953.9,952.9,2505.8,18.1,11.7,18.1,16.3,11.7,9.9,70,61,66,316,3.5,1.2,
2024/07/21,1800 UTC,0,952.4,952.9,952.4,2016.3,18.9,10.9,18.9,17.7,11.5,10.2,66,59,60,11,3.1,1.4,
2024/07/21,1900 UTC,0,952.3,952.4,952.2,1506.8,19.1,12.3,20.1,18.6,12.3,10.5,65,58,65,338,3.4,1.3,
2024/07/21,2000 UTC,0,952.2,952.3,952.2,691.3,18.2,13.3,19.2,18,13.4,11.8,74,63,73,335,2.5,1,
2024/07/21,2100 UTC,0,951.9,952.2,951.9,108.3,15.9,12.7,18.2,15.8,13,12.5,82,71,82,2,2,1,
2024/07/21,2200 UTC,0,952.4,952.6,951.9,,13.6,12.4,15.9,13.5,12.7,12.1,93,82,93,282,2,.1,
2024/07/21,2300 UTC,0,952.6,952.8,952.4,,12.6,11.8,13.6,12.6,12.5,11.8,95,92,95,6,1.4,.7,
2024/07/22,0000 UTC,0,952.9,952.9,952.4,,11.7,11,13.2,11.7,12.5,11,96,94,95,193,2.2,.2,
2024/07/22,0100 UTC,0,953.2,953.2,952.8,,11.2,10.7,12.2,11.2,11.5,10.7,96,95,96,93,1.6,0,
2024/07/22,0200 UTC,0,953.5,953.5,953.1,,10.9,10.4,11.5,10.8,11,10.4,97,96,97,102,1.2,0,
2024/07/22,0300 UTC,0,953.6,953.7,953.5,,10.2,9.8,10.9,10.2,10.4,9.8,97,97,97,305,.5,0,
2024/07/22,0400 UTC,0,953.5,953.7,953.5,,10.2,9.8,10.3,10.1,9.8,9.6,97,97,97,19,1.2,0,
2024/07/22,0500 UTC,0,953.4,953.5,953.4,,10,9.6,10.2,9.9,9.8,9.5,97,97,97,29,1,0,
2024/07/22,0600 UTC,0,953.5,953.6,953.4,.2,9.7,9.3,10.1,9.7,9.6,9.3,97,97,97,6,.6,0,
2024/07/22,0700 UTC,0,953.3,953.5,953.3,,9.2,8.8,9.7,9.1,9.3,8.7,97,97,97,341,1,0,
2024/07/22,0800 UTC,.2,953.6,953.7,953.3,,8.7,8.3,9.2,8.7,8.8,8.3,97,97,97,333,1.2,0,
2024/07/22,0900 UTC,0,954,954,953.6,,8.4,8,8.7,8.4,8.2,8,97,97,97,152,.3,0,
2024/07/22,1000 UTC,0,954.4,954.4,954,,7.9,7.5,8.5,7.9,8.1,7.5,97,97,97,300,1.7,0,
2024/07/22,1100 UTC,0,954.8,954.8,954.4,79.4,7.9,7.5,8.1,7.8,7.7,7.4,97,97,97,229,1.2,.1,
2024/07/22,1200 UTC,0,955.6,955.6,954.8,370,9.1,8.6,9.1,7.8,8.6,7.4,97,97,97,339,.8,0,
2024/07/22,1300 UTC,0,956.1,956.1,955.5,919,10.6,10.1,10.6,9,10.1,8.6,97,97,97,23,2.2,.5,
2024/07/22,1400 UTC,0,955.8,956.1,955.8,1935.8,14.8,14.3,14.9,10.6,14.5,10.1,97,97,97,21,3.2,2.2,
2024/07/22,1500 UTC,0,954.8,955.8,954.8,2382.6,19.9,14.3,20.1,14.8,14.9,13.1,97,69,70,7,3.4,1.3,
2024/07/22,1600 UTC,0,954.2,954.8,954.2,2540.9,22.6,12.9,22.6,19.9,15,12.6,72,54,54,330,2.7,1.5,
2024/07/22,1700 UTC,0,953.4,954.2,953.4,2417,24.1,11.4,24.1,22.6,13.8,9.9,55,41,45,8,3.4,1.1,
2024/07/22,1800 UTC,0,953.3,953.4,953.2,2027.8,24.1,11.5,24.5,23.9,11.5,7.9,45,35,45,341,2.9,1.2,
2024/07/22,1900 UTC,0,953.4,953.5,953.3,1456.8,24.1,6.7,24.9,23.8,12.7,6.7,49,33,33,2,3.5,2,
2024/07/22,2000 UTC,0,953.5,953.5,953.3,771.5,23,10.5,24.1,22.7,10.5,5.6,45,30,45,334,3.6,.8,
2024/07/22,2100 UTC,0,953.9,953.9,953.5,92.9,17.7,12.1,23,17.5,12.5,9.5,70,44,70,173,1.2,0,
2024/07/22,2200 UTC,0,954.5,954.5,953.9,,15.3,11.7,17.7,15.3,13,11.7,82,70,79,308,1.7,.7,
2024/07/22,2300 UTC,0,955,955,954.5,,13.4,11.5,15.3,13.2,12.1,11.4,90,79,89,236,1.7,0,
2024/07/23,0000 UTC,0,955.1,955.1,954.9,,12.2,11.1,13.5,12.2,11.6,11.1,94,88,93,180,1,0,
2024/07/23,0100 UTC,0,955.3,955.3,955,,11.7,11.1,12.2,11.5,11.3,10.6,96,93,96,194,.7,.1,
2024/07/23,0200 UTC,0,955.7,955.8,955.3,,11.1,10.4,11.8,11.1,11.2,10.4,96,95,96,213,1.1,0,
2024/07/23,0300 UTC,0,955.5,955.8,955.5,,11.2,10.7,11.5,10.9,11,10.3,97,96,96,308,1.8,.5,
2024/07/23,0400 UTC,0,955.5,955.6,955.5,,10.1,9.6,11.2,10.1,10.4,9.5,96,95,96,234,1.8,0,
2024/07/23,0500 UTC,0,955.5,955.6,955.4,,9.6,9.1,10.2,9.6,9.6,9.1,97,96,97,247,.8,.2,
2024/07/23,0600 UTC,0,955.4,955.6,955.4,,9.1,8.6,9.7,9.1,9.2,8.6,97,97,97,205,.8,0,
2024/07/23,0700 UTC,0,955.3,955.4,955.3,,8.7,8.2,9.2,8.7,8.8,8.2,97,97,97,312,.9,0,
2024/07/23,0800 UTC,.2,955.2,955.4,955.1,,8.1,7.7,8.7,8.1,8.2,7.7,97,97,97,6,.6,0,
2024/07/23,0900 UTC,0,955.7,955.7,955.2,,8.3,7.9,8.4,8.1,8,7.7,97,97,97,19,1,0,
2024/07/23,1000 UTC,0,956.1,956.1,955.7,,7.7,7.4,8.3,7.7,7.8,7.4,97,97,97,304,0,0,
2024/07/23,1100 UTC,0,956.7,956.7,956.1,127,8.5,8.1,8.5,7.5,8.1,7.2,98,97,97,22,.8,0,
2024/07/23,1200 UTC,0,957.2,957.2,956.7,673.6,10.9,10.4,10.9,8.5,10.5,8.1,97,97,97,319,.6,0,
2024/07/23,1300 UTC,0,957.4,957.4,957.2,1359.9,14.5,12.1,14.5,10.9,12.7,10.6,97,85,86,25,2.1,1,
2024/07/23,1400 UTC,0,957.3,957.6,957.3,1904.1,18.5,11.4,18.5,14.5,12.8,11.4,86,64,64,3,1.9,1,
2024/07/23,1500 UTC,0,956.6,957.3,956.6,2291.8,21,12.6,21,18.4,13.7,11.6,67,57,59,351,2.6,1.1,
2024/07/23,1600 UTC,0,956,956.6,956,2452.8,22.6,10.8,22.9,21,13.1,8.9,60,41,47,12,3.1,2,
2024/07/23,1700 UTC,0,955.2,956,955.2,2320.3,23.7,12.3,23.8,22.6,12.8,10.7,52,46,49,20,4.1,2.7,
2024/07/23,1800 UTC,0,954.5,955.2,954.5,1951.8,24.2,11.5,24.2,23.5,13.1,10.9,52,43,45,12,4.8,3,
2024/07/23,1900 UTC,0,954.3,954.5,954.3,1352.1,23.8,11,24.5,23.8,11.8,9.9,46,40,44,10,4.5,2.4,
2024/07/23,2000 UTC,0,954.1,954.3,954.1,604.7,22.4,11.7,23.8,22.4,12.4,11,52,44,51,341,3.8,.2,
2024/07/23,2100 UTC,0,954.4,954.4,954.1,105.7,17.8,13.1,22.6,17.8,13.4,12.1,74,51,74,204,1.4,.7,
2024/07/23,2200 UTC,0,954.5,954.6,954.4,,15.7,13.6,17.8,15.7,13.7,13.1,88,74,87,111,1,0,
2024/07/23,2300 UTC,0,954.9,955,954.5,,14.1,12.9,15.7,14,13.6,12.8,93,87,93,184,.7,.2,
2024/07/24,0000 UTC,0,955.1,955.2,954.9,,13.8,12.6,14.4,13.4,13.1,12.2,94,91,92,292,2.2,1,
2024/07/24,0100 UTC,0,955.5,955.5,955.1,,12.6,11.7,13.8,12.6,12.5,11.6,94,92,94,188,2.2,.2,
2024/07/24,0200 UTC,0,955.7,955.7,955.4,,11.8,11.2,12.6,11.8,11.7,11.2,96,94,96,213,.7,0,
2024/07/24,0300 UTC,0,955.8,955.9,955.6,,11.3,10.7,11.8,11.1,11.2,10.6,97,96,97,186,.4,0,
2024/07/24,0400 UTC,0,955.7,955.9,955.7,,10.9,10.5,11.3,10.7,10.7,10.2,97,97,97,202,0,0,
2024/07/24,0500 UTC,0,955.3,955.7,955.3,,10.3,9.8,10.9,10.2,10.4,9.7,97,97,97,23,1.2,.5,
2024/07/24,0600 UTC,0,954.9,955.3,954.8,,9.8,9.4,10.3,9.8,9.8,9.3,97,97,97,56,.9,0,
2024/07/24,0700 UTC,.2,954.6,954.9,954.6,,10.1,9.7,10.2,9.8,9.8,9.4,97,97,97,6,.9,0,
2024/07/24,0800 UTC,0,954.5,954.6,954.4,,10.1,9.7,10.4,10,9.9,9.6,97,97,97,290,.9,0,
2024/07/24,0900 UTC,0,955,955,954.5,,10.1,9.7,10.3,10.1,9.9,9.7,97,97,97,292,0,0,
2024/07/24,1000 UTC,0,955.5,955.5,955,.7,9.4,9,10.1,9.3,9.7,9,97,97,97,287,.6,0,
2024/07/24,1100 UTC,0,956.1,956.1,955.5,94.1,9.5,9.1,9.6,9.3,9.2,8.9,97,97,97,306,.9,0,
2024/07/24,1200 UTC,0,956.6,956.6,956.1,393.7,10.4,10,10.5,9.5,10.1,9.1,97,97,97,162,.3,0,
2024/07/24,1300 UTC,0,956.7,956.8,956.6,1179.6,13.9,13.4,13.9,10.4,13.4,10,97,97,97,4,1.3,.2,
2024/07/24,1400 UTC,0,956.6,956.8,956.6,1779.6,17.1,13.7,17.2,13.5,15.9,13,97,80,80,78,1.4,.3,
2024/07/24,1500 UTC,0,956.2,956.7,956.2,2322,21.4,12.8,21.4,17.1,14.2,12.2,80,58,58,65,1.8,.6,
2024/07/24,1600 UTC,0,954.9,956.2,954.8,2535.6,22.8,9.5,23.2,20.8,13.2,9,60,41,43,340,9.1,4.3,
2024/07/24,1700 UTC,0,953.9,954.9,953.9,2398.6,23.7,9.9,23.7,22.8,10.6,9,45,41,42,3,9.1,3.7,
2024/07/24,1800 UTC,0,953.3,953.9,953.3,2007.5,23.6,11.2,24,23.3,11.7,9.6,47,42,46,6,6.8,3.4,
2024/07/24,1900 UTC,0,953,953.3,953,1437.9,23.4,11.9,23.9,23.3,12.1,9.7,49,41,48,4,5.9,2.5,
2024/07/24,2000 UTC,0,952.9,953,952.9,788.6,22,10.8,23.6,22,12.5,9.3,51,40,49,355,4.1,1.6,
2024/07/24,2100 UTC,0,953.1,953.1,952.8,113.4,17.1,11.1,22.1,17.1,11.1,9.7,68,46,68,162,3.2,1,
2024/07/24,2200 UTC,0,953.4,953.4,953.1,,15,11.7,18.1,15,12.4,10.8,81,68,81,232,2.6,.2,
2024/07/24,2300 UTC,0,953.7,953.7,953.4,,13.2,10.9,15,13.2,12,10.9,86,81,86,244,1.8,.6,
2024/07/25,0000 UTC,0,953.9,953.9,953.7,,12.6,10.7,13.4,12.5,11.4,10.6,89,86,88,253,2.5,.1,
2024/07/25,0100 UTC,0,954.1,954.1,953.9,,11.6,10.6,12.6,11.4,10.8,10.3,94,88,94,247,1.4,.2,
2024/07/25,0200 UTC,0,954.3,954.3,954.1,,10.6,9.9,11.6,10.6,10.6,9.9,95,93,95,140,.8,.1,
2024/07/25,0300 UTC,0,954.1,954.4,954.1,,10.3,9.7,10.7,10.2,10,9.6,96,95,96,190,.6,0,
2024/07/25,0400 UTC,0,953.7,954.1,953.6,,9.6,9,11,9.6,10.5,9,97,96,96,129,1.7,.1,
2024/07/25,0500 UTC,0,953.6,953.8,953.5,,9.4,8.9,10.2,9.3,9.7,8.8,97,96,97,119,1.3,.1,
2024/07/25,0600 UTC,0,953.4,953.7,953.3,,9.1,8.7,9.4,9,8.9,8.5,97,97,97,332,.8,0,
2024/07/25,0700 UTC,.2,952.9,953.4,952.9,,8.8,8.4,9.1,8.8,8.7,8.4,97,97,97,300,1.3,0,
2024/07/25,0800 UTC,0,952.5,952.9,952.5,,9.3,8.9,9.3,8.8,8.9,8.4,97,97,97,350,1.1,.2,
2024/07/25,0900 UTC,0,952.7,952.8,952.5,,9,8.6,9.3,9,8.9,8.6,97,97,97,286,1.1,0,
2024/07/25,1000 UTC,0,952.6,952.7,952.6,,8.9,8.5,9.1,8.9,8.7,8.5,97,97,97,340,1,0,
2024/07/25,1100 UTC,0,952.9,953,952.6,78.7,9,8.6,9,8.8,8.6,8.4,97,97,97,5,1.4,.6,
2024/07/25,1200 UTC,0,953.1,953.2,952.8,386.6,9.9,9.5,9.9,9,9.5,8.6,97,97,97,226,1.6,0,
2024/07/25,1300 UTC,0,953.3,953.4,953.1,1055.2,12.9,12.4,12.9,9.8,12.4,9.5,97,97,97,48,1.5,.1,
2024/07/25,1400 UTC,0,953.1,953.4,953.1,1886,16.9,12.9,17.2,12.9,15.5,12.6,97,77,77,144,1.4,.5,
2024/07/25,1500 UTC,0,952.1,953.1,952.1,2259.7,20.1,14.2,20.1,16.9,14.2,12.5,79,68,69,303,3,.8,
2024/07/25,1600 UTC,0,950.5,952.1,950.5,2390.7,21.9,13.2,22.1,20.1,14.4,12.8,69,57,58,336,3.6,1.7,
2024/07/25,1700 UTC,0,949.4,950.5,949.4,1940.5,23.2,13.9,23.4,21.9,14.3,13.2,60,54,56,19,4.3,2.3,
2024/07/25,1800 UTC,0,948.5,949.4,948.5,1636.5,23.8,14.6,24.1,22.9,14.7,13.8,58,54,56,3,4.8,3.2,
2024/07/25,1900 UTC,0,948.2,948.5,948.2,1304.7,24,14.6,24.1,23.6,15.1,14,58,54,56,351,4.8,2.3,
2024/07/25,2000 UTC,0,948.4,948.4,948.2,663.4,23.1,15.3,24.2,23.1,15.5,14.1,61,54,61,351,3.5,.5,
2024/07/25,2100 UTC,0,949,949,948.4,106,19,15.5,23.2,19,15.7,14.8,80,60,80,184,1.8,.5,
2024/07/25,2200 UTC,0,949.4,949.5,949,,17,15.6,19.2,16.8,16.1,15,92,80,91,195,2.2,.3,
2024/07/25,2300 UTC,0,949.6,949.6,949.4,,15.6,14.6,17.1,15.6,15.7,14.5,94,91,94,44,1.1,0,
2024/07/26,0000 UTC,0,949.8,949.8,949.6,,14.8,14,15.7,14.8,14.9,14,95,94,95,196,1,.3,
2024/07/26,0100 UTC,0,950.3,950.4,949.8,,14.2,13.5,15.1,13.9,14.3,13,96,93,95,283,2.8,0,
2024/07/26,0200 UTC,0,950.7,950.8,950.3,,13.2,12.5,14.2,13,13.4,12.3,96,95,96,118,.9,0,
2024/07/26,0300 UTC,0,950.6,950.7,950.6,,12.3,11.8,13.3,12.3,12.6,11.8,96,96,96,118,0,0,
2024/07/26,0400 UTC,0,950.3,950.6,950.3,,11.6,11.1,12.4,11.5,11.9,11,97,96,97,118,0,0,
2024/07/26,0500 UTC,.2,949.8,950.5,949.8,,11,10.5,11.7,11,11.2,10.5,97,97,97,342,0,0,
2024/07/26,0600 UTC,0,949.8,950.2,949.7,,10.8,10.4,11.4,10.8,11,10.4,97,97,97,238,1.1,0,
2024/07/26,0700 UTC,0,950.1,950.2,949.7,,10.8,10.4,11,10.5,10.6,10.1,97,97,97,169,.9,0,
2024/07/26,0800 UTC,0,950,950.2,949.9,,11.1,10.6,11.1,10.6,10.7,10.2,97,97,97,347,1.2,0,
2024/07/26,0900 UTC,0,950.2,950.3,949.9,,11.1,10.7,11.3,10.9,10.9,10.5,97,97,97,227,1.3,0,
2024/07/26,1000 UTC,0,951.1,951.1,950.2,,10.6,10.2,11.3,10.6,10.9,10.2,97,97,97,6,1.5,0,
2024/07/26,1100 UTC,0,951.3,951.4,951.1,93.6,11.6,11.2,11.7,10.4,11.3,10,97,97,97,14,1.1,.1,
2024/07/26,1200 UTC,0,951.4,951.6,951.2,445.1,12.9,12.5,13.1,11.6,12.6,11.2,97,97,97,68,1.1,0,
2024/07/26,1300 UTC,0,952,952,951.4,1035.4,15.3,13.5,15.3,12.9,14.5,12.6,97,89,89,37,1.3,0,
2024/07/26,1400 UTC,0,951.8,952.1,951.8,1418.2,18.7,14.1,18.7,15.2,14.3,13.2,89,73,75,127,1.6,.3,
2024/07/26,1500 UTC,0,951.2,951.8,951.2,2192.7,21.3,14.2,21.7,18.7,15.1,13.5,75,63,64,22,2.3,.8,
2024/07/26,1600 UTC,0,950.2,951.2,950.2,2045,22.9,15.5,23,21.3,16,14,66,61,63,316,2.9,1.3,
2024/07/26,1700 UTC,0,949,950.2,949,2158.7,24.7,15.6,24.7,22.9,16.1,15.2,64,57,57,7,5,3.2,
2024/07/26,1800 UTC,0,948.5,949.1,948.5,1793,25.6,14.8,25.6,24.7,15.8,13.8,58,48,51,11,6.2,3.6,
2024/07/26,1900 UTC,0,948.7,948.7,948.4,1002.9,24.8,15.1,25.6,24.5,15.6,13.6,57,49,55,345,6.1,2.4,
2024/07/26,2000 UTC,0,948.8,948.9,948.7,770.8,23.9,15,25.1,23.9,15.7,14.8,59,54,57,348,4,2.3,
2024/07/26,2100 UTC,0,949.4,949.4,948.8,87.1,19.8,16.4,24,19.7,16.4,14.9,81,57,81,178,3.1,.7,
2024/07/26,2200 UTC,0,949.9,949.9,949.4,,18.7,16.4,19.8,18.6,16.8,16.2,86,81,86,217,2.1,.2,
2024/07/26,2300 UTC,0,950.3,950.3,949.9,,17.9,16.3,18.8,17.9,16.5,16.2,90,86,90,292,1.1,0,
2024/07/27,0000 UTC,0,950.7,950.8,950.3,,17,15.3,17.9,16.7,16.3,15,91,88,90,310,2.1,.9,
2024/07/27,0100 UTC,0,950.8,950.8,950.5,,15.5,14.6,17,15.2,15.2,14.3,95,88,95,245,1.8,.5,
2024/07/27,0200 UTC,0,951.2,951.2,950.7,,14.8,14,16.2,14.8,15.3,13.8,95,92,95,159,1.6,.1,
2024/07/27,0300 UTC,0,951,951.2,950.9,,14.6,13.8,14.9,14.3,14.3,13.5,96,95,95,341,2.5,1.1,
2024/07/27,0400 UTC,0,950.9,951,950.9,,13.7,13.1,14.9,13.5,14.1,12.9,96,94,96,241,2,0,
2024/07/27,0500 UTC,0,950.9,951.1,950.9,,12.8,12.3,13.9,12.8,13.3,12.2,96,96,96,69,.8,0,
2024/07/27,0600 UTC,0,950.9,951,950.9,,12.5,12,12.8,12.3,12.3,11.8,97,96,97,84,1,0,
2024/07/27,0700 UTC,.2,950.9,951,950.8,,12.9,12.5,12.9,12.4,12.5,12,97,97,97,341,0,0,
2024/07/27,0800 UTC,0,950.9,951,950.9,,12.5,12,13,12.4,12.5,12,97,97,97,319,1,.1,
2024/07/27,0900 UTC,0,951.2,951.2,950.8,,12.7,12.3,12.7,12.2,12.3,11.8,97,97,97,97,.9,0,
2024/07/27,1000 UTC,0,951.5,951.5,951.2,,13,12.5,13.2,12.7,12.7,12.3,97,97,97,305,.9,0,
2024/07/27,1100 UTC,0,951.6,951.7,951.5,45.2,13.3,12.8,13.3,12.7,12.8,12.2,97,97,97,348,.3,0,
2024/07/27,1200 UTC,0,951.6,951.8,951.6,234.6,13.7,13.2,13.7,13,13.3,12.6,97,97,97,356,.3,0,
2024/07/27,1300 UTC,0,952.3,952.3,951.5,619.5,14.7,14.2,14.8,13.6,14.3,13.2,97,97,97,138,1.4,0,
2024/07/27,1400 UTC,0,952.4,952.5,952.3,1471.3,17.6,17.1,17.7,14.6,17.2,14.2,97,97,97,293,3,1.5,
2024/07/27,1500 UTC,0,951.6,952.4,951.6,2309.4,22.2,14.7,22.2,17.6,18.3,14.2,97,60,62,351,2.7,.6,
2024/07/27,1600 UTC,0,950.5,951.6,950.5,2083.3,23.8,15.6,23.8,22.3,16,14.2,63,58,60,357,3.4,2.1,
2024/07/27,1700 UTC,0,950,950.5,950,1317.1,24.6,13.8,24.9,23.8,15.9,13,60,48,51,339,4.1,1.4,
2024/07/27,1800 UTC,0,950,950.1,950,782,23.9,11.9,24.6,23.8,15.5,11.9,59,47,47,286,3.6,.9,
2024/07/27,1900 UTC,0,950.1,950.1,949.9,438.7,21.8,15.1,24,21.3,15.8,11.8,69,46,66,220,2.2,1.1,
2024/07/27,2000 UTC,0,950.6,950.6,950.1,164.6,20.6,16.8,21.9,20.6,17.2,15.3,80,66,79,174,2.2,0,
2024/07/27,2100 UTC,0,950.8,950.8,950.6,30.4,18.7,16.6,20.6,18.6,17,16.4,88,79,87,252,1.4,.8,
2024/07/27,2200 UTC,0,951.3,951.3,950.8,,17.7,16.1,18.8,17.7,16.6,15.9,90,86,90,158,1.4,.1,
2024/07/27,2300 UTC,0,951.9,951.9,951.3,,17.1,15.7,17.8,17.1,16.3,15.6,92,89,91,204,1.9,.7,
2024/07/28,0000 UTC,0,952.2,952.2,951.9,,16.5,15.3,17.2,16.2,15.7,15,93,91,93,81,1.4,.6,
2024/07/28,0100 UTC,0,952.3,952.4,952.2,,16.4,14.8,16.5,15.9,15.3,14.8,94,90,90,293,3.2,1.6,
2024/07/28,0200 UTC,0,952.1,952.6,952.1,,16,14.7,16.5,15.8,14.8,14.5,92,90,92,271,3.8,.2,
2024/07/28,0300 UTC,0,951.5,952.2,951.5,,15.5,14.7,16,15.4,14.7,14.5,95,92,95,254,1.5,.2,
2024/07/28,0400 UTC,0,951.8,951.8,951.5,,15.2,14.4,15.6,15.2,14.7,14.4,95,94,95,227,1.4,.2,
2024/07/28,0500 UTC,0,951.3,951.8,951.3,,15.1,14.2,15.4,14.8,14.6,14,95,94,94,318,2,.7,
2024/07/28,0600 UTC,0,950.4,951.3,950.4,,13.8,13,15.1,13.7,14.1,12.9,95,94,95,270,2.2,0,
2024/07/28,0700 UTC,0,950.5,950.5,949.9,,13.2,12.6,13.9,13.2,13.3,12.5,96,95,96,119,2.1,.8,
2024/07/28,0800 UTC,0,950.6,950.7,950.3,,13.1,12.5,13.4,12.8,12.7,12.2,96,96,96,215,3,.7,
2024/07/28,0900 UTC,0,951.1,951.2,950.5,,12.4,11.8,13.1,12.4,12.5,11.8,96,96,96,60,3.8,0,
2024/07/28,1000 UTC,0,951.5,951.6,951.1,,11.4,10.8,12.5,11.4,11.9,10.8,97,96,96,274,1.8,0,
2024/07/28,1100 UTC,0,952.8,952.8,951.5,148.5,12.5,11.9,12.5,11.4,11.9,10.8,96,96,96,199,1.4,.2,
2024/07/28,1200 UTC,0,952.3,952.8,952.2,305.9,13.3,12.4,13.3,12.5,12.6,11.8,96,94,94,225,3.9,.7,
2024/07/28,1300 UTC,0,952.8,952.8,952.2,1051.2,17,13,17.2,13.4,13.8,12.2,94,77,78,217,2.8,0,
2024/07/28,1400 UTC,0,952.3,952.8,952.3,1559,19.5,13.9,19.7,16.8,14.2,12.8,79,68,70,233,1.7,.3,
2024/07/28,1500 UTC,0,951.1,952.3,951.1,1673.3,21.4,14,21.5,19.3,14.7,12.6,71,59,62,3,3.4,1.8,
2024/07/28,1600 UTC,0,950.3,951.1,950.3,1959.5,22,14.6,22.4,20.9,15.1,13.3,65,60,63,354,4.4,2.3,
2024/07/28,1700 UTC,0,949.6,950.3,949.5,1818.4,22.6,13,23.1,21.6,15,13,65,54,55,359,4.8,3,
2024/07/28,1800 UTC,0,949.3,949.6,949.3,1442.8,22.4,13,22.9,22.4,13.8,12.4,57,52,55,354,4.8,2.3,
2024/07/28,1900 UTC,0,949.6,949.6,949.2,1076.7,22.1,13.8,23.1,22.1,14.3,13,60,54,59,346,3.5,2.2,
2024/07/28,2000 UTC,0,950.2,950.2,949.6,318.5,20.6,15.2,22.2,20.6,15.6,14,72,59,71,308,2.9,.5,
2024/07/28,2100 UTC,0,950.9,950.9,950.2,57,19.1,15.9,20.7,19,15.9,14.9,82,70,82,356,1.5,.3,
2024/07/28,2200 UTC,0,951.5,951.6,950.9,,18.2,15.9,19.2,18,16.1,15.5,87,81,87,215,1.6,.7,
2024/07/28,2300 UTC,0,952.1,952.1,951.5,,17.7,16,18.3,17.7,16.1,15.8,90,86,90,190,1.6,0,
2024/07/29,0000 UTC,0,952,952.3,951.8,,17,14.3,18.7,16.6,16.2,13.6,90,72,84,207,3.6,1.1,
2024/07/29,0100 UTC,1.8,952.4,952.6,952,,15.7,14.6,17.4,15.7,14.8,13.9,94,80,94,231,3,.7,
2024/07/29,0200 UTC,1.8,952.1,952.5,952.1,,15.6,14.8,15.8,15.5,14.9,14.7,95,94,95,149,1.5,.7,
2024/07/29,0300 UTC,1,952.5,952.5,952,,15.4,14.6,15.6,15.4,14.8,14.6,95,95,95,294,2,.2,
2024/07/29,0400 UTC,3.6,952.2,952.7,952.2,,15.3,14.7,15.5,15.3,14.8,14.6,96,95,96,14,2.8,1.6,
2024/07/29,0500 UTC,3.2,951.1,952.2,951,,15.3,14.5,15.5,15.2,14.8,14.4,96,95,95,5,5.2,1.2,
2024/07/29,0600 UTC,1,951.1,951.6,950.8,,15.2,14.1,15.4,15.2,14.6,14.1,95,93,93,72,5.4,1.8,
2024/07/29,0700 UTC,.4,950.6,951.3,950.5,,15.2,13.9,15.3,14.9,14.1,13.8,94,92,92,327,4.2,2,
2024/07/29,0800 UTC,0,950.2,950.7,950,0,15.1,13.9,15.6,14.9,14,13.6,92,90,92,16,5.9,1.1,
2024/07/29,0900 UTC,0,950.5,950.6,950.2,,15,13.5,15.5,15,13.9,13.5,92,89,91,357,4.4,1.2,
2024/07/29,1000 UTC,0,950.9,951,950.5,,14.4,13.7,15,14.4,13.8,13.4,96,91,96,116,2.5,0,
2024/07/29,1100 UTC,0,951.1,951.2,950.8,30.1,14.6,14,14.6,14.4,14,13.7,96,96,96,162,1.4,.2,
2024/07/29,1200 UTC,0,952.1,952.1,951.1,124.3,15.1,14.1,15.2,14.6,14.4,14.1,97,94,94,350,1.9,.5,
2024/07/29,1300 UTC,0,953,953,952.1,57.6,15.3,14.2,15.3,15.1,14.3,14,94,92,93,84,1.9,0,
2024/07/29,1400 UTC,0,953.2,953.2,952.9,248,15.8,14.6,15.8,15.2,14.7,14.1,95,93,93,317,1.8,.2,
2024/07/29,1500 UTC,.2,952.8,953.2,952.8,205.2,16,14.8,16,15.8,14.8,14.5,93,92,93,229,1.1,0,
2024/07/29,1600 UTC,0,951.9,952.9,951.9,427,16.5,15.1,16.5,15.8,15.1,14.7,94,91,91,21,1.7,0,
2024/07/29,1700 UTC,0,951.1,952.1,951.1,758.5,18,15,18,16.3,15.5,14.6,91,83,83,353,2.4,0,
2024/07/29,1800 UTC,0,950.8,951.1,950.7,1213.4,17.9,14.6,18.9,17.9,15.3,13.7,83,74,81,277,2,1.2,
2024/07/29,1900 UTC,0,951.7,951.7,950.8,234.1,17.7,15.1,18.1,17.7,15.1,14.2,85,78,85,324,2,.6,
2024/07/29,2000 UTC,0,952.2,952.2,951.7,68.2,17.3,15.4,17.7,17,15.4,14.9,90,84,89,10,2.9,1.7,
2024/07/29,2100 UTC,.2,952.7,952.8,952,39.5,16.2,14.7,17.3,16.2,15.4,14.7,91,88,91,203,2.9,.7,
2024/07/29,2200 UTC,.6,953.7,953.7,952.7,,14.3,12.5,16.2,14.3,14.6,12.4,91,85,89,134,6.4,3.1,
2024/07/29,2300 UTC,1.4,954.7,954.7,953.7,.4,13,11.7,14.3,12.9,12.5,11.7,94,89,92,174,5.8,1.8,
2024/07/30,0000 UTC,.6,955.6,955.6,954.7,,12.5,11.5,13,12.5,11.8,11.5,94,92,94,141,4.3,.3,
2024/07/30,0100 UTC,0,956,956,955.5,,12,11.1,12.6,12,11.5,11,94,90,94,217,2.9,1.2,
2024/07/30,0200 UTC,0,956,956.3,955.9,,11.9,11,12.1,11.9,11.3,11,95,94,94,200,2.5,1.4,
2024/07/30,0300 UTC,0,956.4,956.4,955.9,,11.8,10.8,12,11.8,11.1,10.7,94,93,93,198,3,1.5,
2024/07/30,0400 UTC,.4,956.6,956.6,956.4,,11.7,10.8,12.1,11.7,10.9,10.5,94,91,94,246,2.7,.6,
2024/07/30,0500 UTC,0,956.5,956.6,956.4,.2,12.2,9.6,12.3,11.7,11,9.6,95,84,84,44,2.7,.4,
2024/07/30,0600 UTC,0,956.2,956.5,956.1,2.2,11.9,9.6,12.2,11.9,9.9,9.3,87,83,86,309,3.5,.6,
2024/07/30,0700 UTC,0,956.3,956.4,956,0,11.9,9.6,11.9,11.3,10.4,9.6,93,86,86,342,3,1.1,
2024/07/30,0800 UTC,0,956.2,956.4,956.2,2.2,11.9,8.6,12.1,11.7,9.6,8.5,86,79,80,12,5.3,1.4,
2024/07/30,0900 UTC,0,956.6,956.6,956.2,,11.7,8.3,11.9,11.5,9.1,8.1,86,78,80,20,4.1,2.1,
2024/07/30,1000 UTC,0,957,957.1,956.6,,11.4,8.5,11.7,11.4,8.7,8,83,78,82,19,7.2,1.6,
2024/07/30,1100 UTC,0,958,958,957.1,14.3,11.4,7.9,11.5,11.3,8.6,7.9,84,79,79,55,3.1,1.1,
2024/07/30,1200 UTC,0,958.9,958.9,958,126.9,11.4,8.2,11.5,11.3,8.4,7.4,82,76,81,10,3.9,1.5,
2024/07/30,1300 UTC,0,959.6,959.7,958.9,429.1,11.9,8.3,11.9,11.4,8.6,7.9,82,77,79,359,2.4,.6,
2024/07/30,1400 UTC,0,959.7,959.9,959.6,560.6,12.5,8.2,12.5,11.8,8.8,7.3,80,72,75,42,2.4,1.1,
2024/07/30,1500 UTC,0,958.6,959.7,958.6,738.1,13,8.4,13.1,12.4,8.6,7.4,76,72,74,39,3.4,1.2,
2024/07/30,1600 UTC,0,957.7,958.6,957.7,705.1,13.2,8.7,13.5,12.8,9.4,8.3,78,72,74,14,5.3,2.2,
2024/07/30,1700 UTC,0,956.9,957.7,956.9,575.9,13.4,8.5,13.5,13.1,9.1,8.1,75,71,72,8,5.7,2.8,
2024/07/30,1800 UTC,0,956.4,956.9,956.4,347.6,13.3,8.8,13.5,13.3,9,8.3,75,71,74,21,4.8,2.4,
2024/07/30,1900 UTC,0,956.8,956.8,956.2,212.6,13,9.4,13.3,13,9.4,8.7,79,74,79,20,5.5,2.1,
2024/07/30,2000 UTC,0,957.5,957.5,956.8,132.1,12,9.8,13,12,9.9,9.2,86,78,86,357,4.8,2.1,
2024/07/30,2100 UTC,0,957.5,957.6,957.4,33.2,11.9,10.1,12,11.8,10.1,9.7,89,86,89,284,3.6,1,
2024/07/30,2200 UTC,0,958.2,958.2,957.5,,12.2,9.7,12.2,11.9,10.2,9.7,89,85,85,35,1.8,.8,
2024/07/30,2300 UTC,0,958.6,958.7,958.2,,11.7,10.3,12.2,11.7,10.4,9.7,91,85,91,200,1.8,.5,
2024/07/31,0000 UTC,0,958.4,958.7,958.2,,11.7,9.7,11.9,11.6,10.7,9.6,93,87,88,12,2.6,1.2,
2024/07/31,0100 UTC,0,958.5,958.5,958.3,,11.2,9.9,11.7,11.2,9.9,9.7,92,87,92,222,2.1,.1,
2024/07/31,0200 UTC,0,958.3,958.5,958.2,,11,10.1,11.2,11,10.1,9.9,94,92,94,312,1.8,.5,
2024/07/31,0300 UTC,0,958.5,958.5,958.3,,11.1,10.3,11.1,11,10.3,10.1,95,94,95,160,1.2,.1,
2024/07/31,0400 UTC,0,958.2,958.5,958.2,,10.9,10.2,11.1,10.9,10.4,10.2,96,95,96,178,1.6,.6,
2024/07/31,0500 UTC,.4,957.7,958.2,957.7,,10.8,10.2,10.9,10.8,10.3,10.2,96,96,96,228,1.5,0,
2024/07/31,0600 UTC,0,956.9,957.7,956.9,,10.9,10.1,10.9,10.8,10.3,10.1,96,95,95,358,2,.9,
2024/07/31,0700 UTC,0,956.2,956.9,956.2,,11,10.3,11,10.9,10.4,10.1,96,95,96,9,1.6,1,
2024/07/31,0800 UTC,0,956,956.2,956,,11.1,10.3,11.1,10.9,10.4,10.3,96,95,95,344,1.6,0,
2024/07/31,0900 UTC,.2,956.1,956.1,955.9,,11.2,10.2,11.2,11.1,10.3,10.2,95,94,94,3,1.2,.1,
2024/07/31,1000 UTC,0,956.6,956.6,956.1,,11,10.4,11.2,11,10.4,10.2,96,94,96,105,1,0,
2024/07/31,1100 UTC,0,957.1,957.1,956.6,38.9,11.3,10.7,11.3,11,10.7,10.4,96,96,96,62,.9,0,
2024/07/31,1200 UTC,0,957.6,957.6,957.1,238.8,11.9,10.9,11.9,11.3,11,10.7,96,94,94,11,1.8,.8,
2024/07/31,1300 UTC,0,958,958,957.6,400,12.7,11,12.8,11.9,11.4,10.9,94,89,89,346,2.2,1.1,
2024/07/31,1400 UTC,0,958.1,958.1,958,664,13.6,11.3,13.6,12.7,11.6,10.9,89,85,86,15,2.9,1.4,
2024/07/31,1500 UTC,0,957.4,958.1,957.4,782,14.3,11.3,14.3,13.4,11.6,10.9,86,82,82,20,2.9,1.7,
2024/07/31,1600 UTC,0,956.2,957.4,956.2,884.6,14.6,11.7,14.8,14.3,12.2,11.4,85,81,83,38,3.6,1.7,
2024/07/31,1700 UTC,0,955,956.2,955,731.9,15.2,11.9,15.6,14.6,12.5,11.6,84,79,81,32,4,2.5,
2024/07/31,1800 UTC,0,954.6,955,954.6,752.7,16,12.2,16.1,15.2,12.7,11.8,82,78,78,35,4,1.6,
2024/07/31,1900 UTC,0,954.4,954.6,954.3,1103.8,16.4,12.4,16.6,15.9,12.8,12.1,80,76,77,54,3.9,1.2,
2024/07/31,2000 UTC,0,954.4,954.4,954.2,541.3,15.8,12.6,16.5,15.8,12.7,12.1,81,76,81,35,4.4,1.3,
2024/07/31,2100 UTC,0,954.7,954.7,954.4,73.9,14.5,12.8,15.8,14.5,12.9,12.2,90,80,90,214,3.1,1.2,
2024/07/31,2200 UTC,0,955.2,955.2,954.7,,14.1,12.8,14.5,14.1,12.9,12.8,92,90,92,225,2.3,1.4,
2024/07/31,2300 UTC,0,955.6,955.6,955.2,,14.1,12.8,14.1,14,12.9,12.7,92,92,92,238,2.1,.8,
